package com.symmetrylabs.shows.treeV2;

import heronarts.lx.transform.LXMatrix;


public class TwigConfig {
	
	private static final LXMatrix[] leafMatrices = new LXMatrix[] {
		LXMatrix.createFromColumnMajor(new double[] {-0.279963,  -8.09E-02,  0.956592, 0, -0.956974,  0.102731,  -0.271382, 0, -7.63E-02,  -0.99141,   -0.106226, 0, -0.223732816212227 , 0.0329919166766258 , -0.276544363767797, 1}),
		LXMatrix.createFromColumnMajor(new double[] {-0.773473, 2.89E-02, 0.633172, 0, -0.620885, 0.166366, -0.766044, 0, -0.127439, -0.985642, -0.110767, 0, -0.17099177114029 , 0.0458171069894055 , -0.370968639634967, 1}),
		LXMatrix.createFromColumnMajor(new double[] {-0.408625, -0.114234, 0.905525, 0, -0.892539, -0.157379, -0.422618, 0, 0.190788, -0.980909, -3.76E-02, 0, -0.223491749396373 , -0.0394076253843155 , -0.435823612739871, 1}),
		LXMatrix.createFromColumnMajor(new double[] {-0.937175, 1.27E-02, 0.348631, 0, -0.348646, 0.001104, -0.937254, 0, -1.22E-02, -0.999919, 3.38E-03, 0, -0.128092864902892 , -0.0116098479480173 , -0.526090715753223, 1}),
		LXMatrix.createFromColumnMajor(new double[] {-0.587632, -9.04E-02, 0.804067, 0, -0.806707, 0.142244, -0.573576, 0, -0.062544, -0.985698, -0.156483, 0, -0.173764748997639 , 0.0306394135443156 , -0.603548364390015, 1}),
		LXMatrix.createFromColumnMajor(new double[] {-0.980971, -5.97E-02, 0.184765, 0, -0.183232, -3.03E-02, -0.982604, 0, 6.42E-02, -0.99776, 1.88E-02, 0, -0.076876633972613 , 0.00383062727245158 , -0.667111188065566, 1}),
		LXMatrix.createFromColumnMajor(new double[] {-0.999932, -1.17E-02, 1.28E-15, 0, -1.29E-15, 5.80E-16, -1, 0, 1.17E-02, -0.999932, -5.95E-16, 0, 8.47864758076007E-18 , -7.85661954422768E-18 , -0.7354, 1}),
		LXMatrix.createFromColumnMajor(new double[] {-0.98304, -7.22E-02, -0.168593, 0, 0.161828, 9.11E-02, -0.982604, 0, 8.63E-02, -0.993222, -7.79E-02, 0, 0.0735505573436738 , 0.0226937451888029 , -0.712111188065565, 1}),
		LXMatrix.createFromColumnMajor(new double[] {-0.590819, 0.214643, -0.777728, 0, 0.806707, 0.142244, -0.573576, 0, -1.25E-02, -0.966279, -0.257195, 0, 0.173764748997637 , 0.0306394135443178 , -0.648548364390017, 1}),
		LXMatrix.createFromColumnMajor(new double[] {-0.910773, 1.95E-02, -0.412447, 0, 0.406402, -0.134239, -0.903779, 0, -7.30E-02, -0.990757, 0.114327, 0, 0.120711937979675 , -0.0313224647142984 , -0.575487409060905, 1}),
		LXMatrix.createFromColumnMajor(new double[] {-0.328371, 0.105193, -0.938673, 0, 0.925417, -0.163176, -0.34202, 0, -0.189147, -0.980973, -4.38E-02, 0, 0.208588896770983 , -0.0367798503769342 , -0.487091340305605, 1}),
		LXMatrix.createFromColumnMajor(new double[] {-0.773653, 0.126092, -0.620937, 0, 0.633022, 0.111619, -0.766044, 0, -2.73E-02, -0.985719, -0.166173, 0, 0.161673875386293 , 0.0285074663063016 , -0.435647750772588, 1}),
		LXMatrix.createFromColumnMajor(new double[] {-9.57E-02, 0.278355, -0.955699, 0, 0.994663, -1.04E-02, -0.102643, 0, -0.038558, -0.960421, -0.27587, 0, 0.221038018501834 , 0.0100960570258412 , -0.336385407124501, 1}),
		LXMatrix.createFromColumnMajor(new double[] {0.963364, -5.47E-02, 0.262567, 0, 0.252483, -0.145346, -0.956623, 0, 9.05E-02, 0.98787, -0.126221, 0, 0.127297717234799 , -0.0290586507318473 , -0.311592913389832, 1}),
		LXMatrix.createFromColumnMajor(new double[] {0.492084, -0.102306, 0.864515, 0, 0.86273, -7.55E-02, -0.5, 0, 0.116406, 0.991885, 5.11E-02, 0, 0.233282169195226 , -0.0204095452073157 , -0.255200000000001, 1}),
	};

	public static LXMatrix getLeafMatrix(int i) {
		return leafMatrices[i];
	}
}