package com.symmetrylabs.shows.oslo;

import com.symmetrylabs.shows.base.SLShow;
import com.symmetrylabs.shows.treeV2.BranchConfig;
import com.symmetrylabs.shows.treeV2.LimbConfig;
import com.symmetrylabs.shows.treeV2.TreeConfig;
import com.symmetrylabs.shows.treeV2.TreeModel;
import com.symmetrylabs.slstudio.SLStudioLX;
import com.symmetrylabs.util.NetworkChannelDebugMonitor.DebugPortMonitor;
import com.symmetrylabs.util.NetworkChannelDebugMonitor.MachinePortMonitor;
import heronarts.lx.LX;
import heronarts.lx.transform.LXMatrix;


public class OsloShow extends SLShow {
    public static final String SHOW_NAME = "oslo";

    // put in to json?
    final LimbConfig[] LIMB_CONFIGS = new LimbConfig[] {
        new LimbConfig(
            new BranchConfig[] {
                new BranchConfig("L0-B3", "A133", LXMatrix.createFromColumnMajor(new double[] {-0.968122518515512 , -0.0434447870946481 , -0.246680642972817 , 0,0.106831954218209, 0.819152044288991 , -0.563539583254881 , 0, 0.226551810191621 , -0.571928735780488, -0.788398248658273 , 0, 0.122856747350942 , 5.96934887499855 , -0.648070520743117, 1})),
                new BranchConfig("L0-B4", "A026", LXMatrix.createFromColumnMajor(new double[] {-0.314762831693977 , 0.220399307500358 , -0.923227222864096 , 0,0.573576436351047,0.819152044288991 , 8.08929983187085E-16 , 0, 0.756263466952373 , -0.529541380432662, -0.384254466418607 , 0, 0.588344142297176 , 6.35284408455846 , 1.8885897608081E-16, 1})),
                new BranchConfig("L0-B2", "A122", LXMatrix.createFromColumnMajor(new double[] {-0.682473824340401 , -0.126944761614339 , 0.719801713382835 , 0,-0.430067989761883, 0.866025403784438 , -0.255032398299068 , 0, -0.590991542471092 , -0.483616612099585, -0.645634547734986 , 0, -0.494578188226164 , 7.13515852049105 , -0.293287258043929, 1})),
                new BranchConfig("L0-B1", "A018", LXMatrix.createFromColumnMajor(new double[] {0.940841712029831 , -0.0205510417212867 , 0.338222600647777 , 0,-0.17810864258751, 0.819152044288991 , 0.545222193030329 , 0, -0.288260618781703 , -0.573208149821107, 0.767032093616853 , 0, -0.187014074716885 , 7.73848754124914 , 0.572483302681845, 1})),
            }
        ),
        new LimbConfig(
            new BranchConfig[] {
                new BranchConfig("L1-B2", "A004", LXMatrix.createFromColumnMajor(new double[] {0.748304020436828 , 0.100412710049857 , 0.655712117211908 , 0,-0.656183034439293, -0.0329235297677501 , 0.75388319155004 , 0,0.0972878117346753 , -0.994400989967365, 0.0412523070846088 , 0,-1.42416835113535 , 4.03871815204795 , 1.70602429040319, 1})),
                new BranchConfig("L1-B4", "A000", LXMatrix.createFromColumnMajor(new double[] {0.628480607830638 , 0.125300908201717 , 0.767666469232998 , 0,-0.742803485609391, 0.389496470694192 , 0.544550714886417 , 0, -0.230770681299362 , -0.912464893418149, 0.337864930012032 , 0,-1.76013791751485 , 4.45061777702768 , 2.00469371461536, 1})),
                new BranchConfig("L1-B3", "A015", LXMatrix.createFromColumnMajor(new double[] {0.527563240084751 , 0.173529324889927 , 0.831603632215808 , 0,-0.562798079391417, 0.804667340026763 , 0.189126396168239 , 0,-0.63634530684575 , -0.567801061374052, 0.522174879861037 , 0,-1.52721018495736 , 4.60983839007423 , 1.68599711494004, 1})),
                new BranchConfig("L1-B1", "A008", LXMatrix.createFromColumnMajor(new double[] {0.639647954099342 , -0.24033735911084 , 0.730129062996504 , 0,-0.21475110008772, 0.856164196427115 , 0.469962587625257 , 0, -0.738059929699235 , -0.457406627162244, 0.496030964356481 , 0,-0.940989402217211 , 4.34110631769314 , 1.23287705016243, 1})),
            }
        ),
        new LimbConfig(
            new BranchConfig[] {
                new BranchConfig("L2-B2", "A030", LXMatrix.createFromColumnMajor(new double[] {-0.752078351776981 , 0.0621394173598248 , -0.656137825154594 , 0,0.655406464839434, -0.0343618652465393 , -0.754494286302723 , 0,-0.0694299548832876 , -0.997475791699709, -0.0148837608803849 , 0,1.38630906251552 , 3.36775384168164 , -1.74103929826171, 1})),
                new BranchConfig("L2-B4", "A035", LXMatrix.createFromColumnMajor(new double[] {-0.633214527661135 , 0.0874185138361035 , -0.769023644238311 , 0,0.730541598892776, 0.395678286514728 , -0.556549787411652 , 0,0.255633202550201 , -0.91421917340398, -0.314412100171848 , 0,1.71001900698631 , 3.78089777897624 , -2.0513040795024, 1})),
                new BranchConfig("L2-B3", "A015", LXMatrix.createFromColumnMajor(new double[] {-0.533812322398148 , 0.136754526792443 , -0.834471451793092 , 0,0.539638889065117, 0.814853666533406 , -0.211668069263248 , 0,0.65102555546189 , -0.563304270833126, -0.508776989059743 , 0,1.47332547044204 , 3.94186404772605 , -1.73628013606185, 1})),
                new BranchConfig("L2-B1", "A039", LXMatrix.createFromColumnMajor(new double[] {-0.634047626698259 , -0.277274966210047 , -0.72187408887667 , 0,0.189748075786651, 0.849180716834445 , -0.49283646160953 , 0,0.749652769496364 , -0.44945600815848, -0.485808626844641 , 0,0.895741836565791 , 3.6688393002504 , -1.27471306716401, 1})),
            }
        ),
        new LimbConfig(
            new BranchConfig[] {
                new BranchConfig("L3-B2", "A068", LXMatrix.createFromColumnMajor(new double[] {0.610257653199006 , 0.19265189663588 , -0.768421006632848 , 0,0.785687870751646, -0.0230408461469395 , 0.618193892854482 , 0,0.10139115575723 , -0.980996618817533, -0.165425111161461 , 0,1.69078747726143 , 3.42411758140443 , 1.42465329213152, 1})),
                new BranchConfig("L3-B4", "A013", LXMatrix.createFromColumnMajor(new double[] {0.726084514669783 , 0.217448252021753 , -0.652317051171768 , 0,0.553671342968013, 0.377657266644415 , 0.742174529963584 , 0,0.407736828766722 , -0.900050691152089, 0.153816227440096 , 0,1.97798691247394 , 3.83321340596464 , 1.77379132542481, 1})),
                new BranchConfig("L3-B3", "A044", LXMatrix.createFromColumnMajor(new double[] {0.791601130162264 , 0.263400811541809 , -0.551350762405334 , 0,0.163452778919462, 0.778154866943285 , 0.606430698527032 , 0, 0.588770617294488 , -0.570171040593606, 0.57293467749742 , 0,1.63852080227661 , 3.98477906490971 , 1.56651212744792, 1})),
                new BranchConfig("L3-B1", "A038", LXMatrix.createFromColumnMajor(new double[] {0.712042851203737 , -0.148441701688678 , -0.686265283435948 , 0,0.422914704816045, 0.870878856944736 , 0.250425975044497 , 0, 0.560480267716902 , -0.468545705055973, 0.68288124280404 , 0,1.17575212740286 , 3.72362082422512 , 0.984420164932629, 1})),
            }
        ),
        new LimbConfig(
            new BranchConfig[] {
                new BranchConfig("L4-B2", "A046", LXMatrix.createFromColumnMajor(new double[] {0.831821130552485 , -0.197755369926396 , 0.518619726226894 , 0,-0.443962341651069, 0.323733448887043 , 0.835520253056382 , 0,-0.333123169356447 , -0.925251029578987, 0.181492386344279 , 0,-0.0894866683531348 , 5.55298533252034 , 3.48996557325355, 1})),
                new BranchConfig("L4-B3", "A007", LXMatrix.createFromColumnMajor(new double[] {0.729212574545584 , -0.0884956113379445 , -0.678540748885817 , 0,0.644637898134776, 0.421475779385814 , 0.637808864535057 , 0,0.229545205597893 , -0.902511326336154, 0.36439306308158 , 0,0.465683373659978 , 5.98088555405213 , 3.73643691352306, 1})),
                new BranchConfig("L4-B4", "A033", LXMatrix.createFromColumnMajor(new double[] {0.983491630806848 , 0.0921260185746241 , 0.155746617409412 , 0,-0.167309147558673, 0.790835065879957 , 0.588716865494641 , 0,-0.0689337455537992 , -0.605055943922736, 0.793193194277215 , 0,0.0944564248046449 , 6.44522734227395 , 3.89678481324468, 1})),
                new BranchConfig("L4-B1", "A009", LXMatrix.createFromColumnMajor(new double[] {0.988658464280266 , 0.0571744691607968 , -0.138872319355466 , 0,-0.0573469750000982, 0.998350487032004 , 0.00276215519076991 , 0,0.138801172420566 , 0.00523307931727323, 0.990306442176125 , 0,0.0411421593856646 , 5.30379797254717 , 2.64851226036347, 1})),
            },
            new LimbConfig[] {
                new LimbConfig(
                    new BranchConfig[] {
//                        new BranchConfig("L4-SL1-B1", "A056", LXMatrix.createFromColumnMajor(new double[] {0.836714882087989 , -0.0395494862699481 , 0.54620879178961 , 0,-0.532534106652317, -0.291392922001785 , 0.794668226531853 , 0,0.127732655748254 , -0.955785542442992, -0.264874244713323 , 0,-1.03993083282887 , 3.89159747410924 , 3.58654888515644, 1})),
//                        new BranchConfig("L4-SL1-B3", "A017", LXMatrix.createFromColumnMajor(new double[] {0.989301578431877 , 0.0176870934936105 , 0.144808679422007 , 0,-0.139892949767642, -0.166543044821047 , 0.976060129718985 , 0,0.0413805451571813 , -0.985875540291716, -0.162286997436676 , 0,-1.29394772195435 , 4.22443866488232 , 4.25429261422512, 1})),
                        new BranchConfig("L4-SL1-B1", "A131", LXMatrix.createFromColumnMajor(new double[] {0.836714882087989 , -0.0395494862699481 , 0.54620879178961 , 0,-0.532534106652317, -0.291392922001785 , 0.794668226531853 , 0,0.127732655748254 , -0.955785542442992, -0.264874244713323 , 0,-1.03993083282887 , 3.89159747410924 , 3.58654888515644, 1})),
                        new BranchConfig("L4-SL1-B3", "A155", LXMatrix.createFromColumnMajor(new double[] {0.989301578431877 , 0.0176870934936105 , 0.144808679422007 , 0,-0.139892949767642, -0.166543044821047 , 0.976060129718985 , 0,0.0413805451571813 , -0.985875540291716, -0.162286997436676 , 0,-1.29394772195435 , 4.22443866488232 , 4.25429261422512, 1})),
                        new BranchConfig("L4-SL1-B4", "A022", LXMatrix.createFromColumnMajor(new double[] {0.952126532212166 , 0.118974911713823 , 0.28160262257359 , 0,-0.305700425956324, 0.375132855759563 , 0.875112901344619 , 0,-0.00152191581830977 , -0.919304253722544, 0.39354462626223 , 0,-1.4626766293751 , 4.60088507165438 , 4.35913875619947, 1})),
                        new BranchConfig("L4-SL1-B2", "A023", LXMatrix.createFromColumnMajor(new double[] {0.855790652751908 , 0.133717665346051 , 0.499741878009903 , 0,-0.435218052223613, 0.708310825575892 , 0.555770655388249 , 0,-0.279656227681679 , -0.693120018717105, 0.664362125630633 , 0,-1.22587670163004 , 4.57684265299712 , 3.7978117286336, 1})),
                    }
                ),
                new LimbConfig(
                    new BranchConfig[] {
                        new BranchConfig("L4-SL2-B1", "A058", LXMatrix.createFromColumnMajor(new double[] {0.798633309157663 , -0.136077948367315 , -0.586231719947004 , 0,0.529856447362424, -0.302914490705482 , 0.792145792458124 , 0,-0.285371657128648 , -0.943252672028434, -0.169815823817655 , 0,1.12744227464846 , 4.25106692300951 , 3.58620265989021, 1})),
                        new BranchConfig("L4-SL2-B3", "A053", LXMatrix.createFromColumnMajor(new double[] {0.482492347637383 , -0.0640884261721702 , -0.873552407186965 , 0,0.847176139046419, -0.219165852695899 , 0.48400301491053 , 0,-0.222471849683888 , -0.973580506503111, -0.0514516613470924 , 0,1.69043356122051 , 4.55732315712056 , 4.0449372849828, 1})),
                        new BranchConfig("L4-SL2-B4", "A052", LXMatrix.createFromColumnMajor(new double[] {0.605895246335007 , 0.0305087467079448 , -0.794959223383786 , 0,0.742040030533198, 0.338598702253243 , 0.578556403403083 , 0,0.28682319214968 , -0.940436140950958, 0.182516632771749 , 0,1.76191686674862 , 4.93744753832365 , 4.2226157775013, 1})),
                        new BranchConfig("L4-SL2-B2", "A042", LXMatrix.createFromColumnMajor(new double[] {0.776989654080722 , 0.0379934060505585 , -0.62836579995111 , 0,0.427765648534414, 0.700456034522839 , 0.571294927016223 , 0,0.461848056600278 , -0.712683551653338, 0.527994817983406 , 0,1.31897424217306 , 4.93282564925936 , 3.80366381721649, 1})),
                    }
                )
            }
        ),
        new LimbConfig(
            new BranchConfig[] {
                new BranchConfig("L5-B2", "A123", LXMatrix.createFromColumnMajor(new double[] {-0.518619726226895 , -0.197755369926396 , 0.831821130552486 , 0,-0.835520253056381, 0.323733448887045 , -0.443962341651069 , 0,-0.181492386344281 , -0.925251029578986, -0.333123169356448 , 0,-3.47602914293567 , 5.93298533252036 , -0.0894866683531335, 1})),
                new BranchConfig("L5-B3", "A103", LXMatrix.createFromColumnMajor(new double[] {0.678540748885816 , -0.0884956113379468 , 0.729212574545584 , 0,-0.637808864535056, 0.421475779385815 , 0.644637898134777 , 0,-0.364393063081583 , -0.902511326336153, 0.229545205597893 , 0,-3.72250048320517 , 6.36088555405214 , 0.46568337365998, 1})),
                new BranchConfig("L5-B4", "A128", LXMatrix.createFromColumnMajor(new double[] {-0.155746617409412 , 0.092126018574624 , 0.983491630806848 , 0,-0.588716865494638, 0.790835065879958 , -0.167309147558673 , 0,-0.793193194277216 , -0.605055943922734, -0.0689337455537995 , 0,-3.88284838292679 , 6.82522734227396 , 0.0944564248046468, 1})),
                new BranchConfig("L5-B1", "A020", LXMatrix.createFromColumnMajor(new double[] {0.138872319355467 , 0.057174469160796 , 0.988658464280266 , 0,-0.00276215519076728, 0.998350487032004 , -0.0573469750000977 , 0,-0.990306442176125 , 0.00523307931727578, 0.138801172420566 , 0,-2.63457583004558 , 5.68379797254718 , 0.0411421593856656, 1})),
            },
            new LimbConfig[] {
                new LimbConfig(
                    new BranchConfig[] {
                        new BranchConfig("L5-SL1-B1", "A060", LXMatrix.createFromColumnMajor(new double[] {-0.54620879178961 , -0.039549486269947 , 0.836714882087989 , 0,-0.794668226531854, -0.291392922001783 , -0.532534106652317 ,0,0.264874244713321 , -0.955785542442993, 0.127732655748253 , 0,-3.57261245483856 , 4.27159747410925 , -1.03993083282887, 1})),
//                        new BranchConfig("L5-SL1-B3", "A139", LXMatrix.createFromColumnMajor(new double[] {-0.144808679422007 , 0.0176870934936105 , 0.989301578431877 , 0,-0.976060129718986, -0.166543044821045 , -0.139892949767641 , 0,0.162286997436673 , -0.985875540291716, 0.0413805451571809 , 0,-4.24035618390725 , 4.60443866488234 , -1.29394772195435, 1})),
                        new BranchConfig("L5-SL1-B3", "A153", LXMatrix.createFromColumnMajor(new double[] {-0.144808679422007 , 0.0176870934936105 , 0.989301578431877 , 0,-0.976060129718986, -0.166543044821045 , -0.139892949767641 , 0,0.162286997436673 , -0.985875540291716, 0.0413805451571809 , 0,-4.24035618390725 , 4.60443866488234 , -1.29394772195435, 1})),
                        new BranchConfig("L5-SL1-B4", "A003", LXMatrix.createFromColumnMajor(new double[] {-0.28160262257359 , 0.118974911713823 , 0.952126532212166 , 0,-0.875112901344618, 0.375132855759565 , -0.305700425956323 , 0,-0.393544626262233 , -0.919304253722543, -0.00152191581831013 , 0,-4.34520232588159 , 4.9808850716544 , -1.4626766293751, 1})),
                        new BranchConfig("L5-SL1-B2", "A019", LXMatrix.createFromColumnMajor(new double[] {-0.499741878009902 , 0.133717665346053 , 0.855790652751908 , 0,-0.555770655388246, 0.708310825575893 , -0.435218052223613 , 0,-0.664362125630635 , -0.693120018717103, -0.279656227681679 , 0,-3.78387529831572 , 4.95684265299713 , -1.22587670163004, 1})),
                    }
                ),
                new LimbConfig(
                    new BranchConfig[] {
                        new BranchConfig("L5-SL2-B1", "A000", LXMatrix.createFromColumnMajor(new double[] {0.586231719947004 , -0.136077948367317 , 0.798633309157663 , 0,-0.792145792458124, -0.302914490705481 , 0.529856447362424 , 0,0.169815823817652 , -0.943252672028434, -0.285371657128649 , 0,-3.57226622957233 , 4.63106692300952 , 1.12744227464846, 1})),
                        new BranchConfig("L5-SL2-B3", "A006", LXMatrix.createFromColumnMajor(new double[] {0.873552407186965 , -0.0640884261721726 , 0.482492347637382 , 0,-0.48400301491053, -0.219165852695898 , 0.847176139046419 , 0,0.0514516613470899 , -0.973580506503111, -0.222471849683888 , 0,-4.03100085466492 , 4.93732315712058 , 1.69043356122051, 1})),
                        new BranchConfig("L5-SL2-B4", "A057", LXMatrix.createFromColumnMajor(new double[] {0.794959223383786 , 0.0305087467079424 , 0.605895246335007 , 0,-0.578556403403082, 0.338598702253244 , 0.742040030533198 , 0,-0.182516632771752 , -0.940436140950958, 0.28682319214968 , 0,-4.20867934718342 , 5.31744753832366 , 1.76191686674862, 1})),
                        new BranchConfig("L5-SL2-B2", "A016", LXMatrix.createFromColumnMajor(new double[] {0.62836579995111 , 0.0379934060505566 , 0.776989654080722 , 0,-0.571294927016221, 0.70045603452284 , 0.427765648534414 , 0,-0.527994817983408 , -0.712683551653337, 0.461848056600277 , 0,-3.78972738689861 , 5.31282564925938 , 1.31897424217306, 1})),
                    }
                )
            }
        ),
        new LimbConfig(
            new BranchConfig[] {
                new BranchConfig("L6-B2", "A050", LXMatrix.createFromColumnMajor(new double[] {-0.831821130552488 , -0.197755369926393 , -0.518619726226891 , 0,0.443962341651068, 0.323733448887038 , -0.835520253056384 , 0,0.333123169356442 , -0.925251029578989, -0.181492386344278 , 0,0.0894866683531391 , 5.53798533252034 , -3.49051569550292, 1})),
                new BranchConfig("L6-B3", "A055", LXMatrix.createFromColumnMajor(new double[] {-0.729212574545582 , -0.0884956113379389 , 0.67854074888582 , 0,-0.644637898134776, 0.421475779385816 , -0.637808864535056 , 0,-0.2295452055979 , -0.902511326336154, -0.364393063081578 , 0,-0.465683373659972 , 5.96588555405213 , -3.73698703577242, 1})),
                new BranchConfig("L6-B4", "A011", LXMatrix.createFromColumnMajor(new double[] {-0.983491630806848 , 0.0921260185746294 , -0.155746617409409 , 0,0.167309147558676, 0.790835065879954 , -0.588716865494643 , 0, 0.0689337455537931 , -0.605055943922738,-0.793193194277214 , 0,-0.0944564248046369 , 6.43022734227395 , -3.89733493549405, 1})),
                new BranchConfig("L6-B1", "A041", LXMatrix.createFromColumnMajor(new double[] {-0.988658464280265 , 0.0571744691608028 , 0.13887231935547 , 0,0.0573469750001038, 0.998350487032004 , -0.00276215519077259 , 0,-0.138801172420569 , 0.00523307931727155, -0.990306442176125 , 0,-0.0411421593856587 , 5.28879797254717 , -2.64906238261283, 1})),
            },
            new LimbConfig[] {
                new LimbConfig(
                    new BranchConfig[] {
//                        new BranchConfig("L6-SL1-B1", "A081", LXMatrix.createFromColumnMajor(new double[] {-0.836714882087991 , -0.0395494862699445 , -0.546208791789608 , 0,0.532534106652312, -0.29139292200179 , -0.794668226531854 , 0,-0.127732655748259 , -0.955785542442991, 0.264874244713326 , 0,1.03993083282887 , 3.87659747410923 , -3.58709900740581, 1})),
                        new BranchConfig("L6-SL1-B1", "A082", LXMatrix.createFromColumnMajor(new double[] {-0.836714882087991 , -0.0395494862699445 , -0.546208791789608 , 0,0.532534106652312, -0.29139292200179 , -0.794668226531854 , 0,-0.127732655748259 , -0.955785542442991, 0.264874244713326 , 0,1.03993083282887 , 3.87659747410923 , -3.58709900740581, 1})),
                        new BranchConfig("L6-SL1-B3", "A005", LXMatrix.createFromColumnMajor(new double[] {-0.989301578431877 , 0.0176870934936159 , -0.144808679422004 , 0,0.139892949767637, -0.16654304482105 , -0.976060129718986 , 0,-0.0413805451571865 , -0.985875540291715, 0.162286997436678 , 0,1.29394772195435 , 4.20943866488231 , -4.25484273647449, 1})),
                        new BranchConfig("L6-SL1-B4", "A080", LXMatrix.createFromColumnMajor(new double[] {-0.952126532212166 , 0.118974911713828 , -0.281602622573587 , 0,0.305700425956323, 0.375132855759559 , -0.875112901344621 , 0,0.0015219158183031 , -0.919304253722545, -0.393544626262228 , 0,1.46267662937509 , 4.58588507165437 , -4.35968887844884, 1})),
                        new BranchConfig("L6-SL1-B2", "A078", LXMatrix.createFromColumnMajor(new double[] {-0.855790652751909 , 0.133717665346055 , -0.4997418780099 , 0,0.435218052223616, 0.708310825575888 , -0.555770655388251 , 0,0.279656227681673 , -0.693120018717108, -0.664362125630632 , 0,1.22587670163004 , 4.56184265299711 , -3.79836185088297, 1})),
                    }
                ),
                new LimbConfig(
                    new BranchConfig[] {
                        new BranchConfig("L6-SL2-B1", "A021", LXMatrix.createFromColumnMajor(new double[] {-0.798633309157662 , -0.136077948367309 , 0.586231719947007 , 0,-0.529856447362429, -0.302914490705481 , -0.792145792458121 , 0,0.285371657128643 , -0.943252672028435, 0.169815823817656 , 0,-1.12744227464846 , 4.23606692300951 , -3.58675278213957, 1})),
                        new BranchConfig("L6-SL2-B3", "A029", LXMatrix.createFromColumnMajor(new double[] {-0.48249234763738 , -0.0640884261721652 , 0.873552407186967 , 0,-0.847176139046422, -0.219165852695895 , -0.484003014910526 , 0,0.222471849683882 , -0.973580506503112, 0.051451661347094 , 0,-1.69043356122051 , 4.54232315712057 , -4.04548740723216, 1})),
                        new BranchConfig("L6-SL2-B4", "A036", LXMatrix.createFromColumnMajor(new double[] {-0.605895246335004 , 0.0305087467079502 , 0.794959223383788 , 0,-0.742040030533198, 0.338598702253246 , -0.578556403403081 , 0,-0.286823192149686 , -0.940436140950957, -0.182516632771746 , 0,-1.76191686674862 , 4.92244753832366 , -4.22316589975066, 1})),
                        new BranchConfig("L6-SL2-B2", "A070", LXMatrix.createFromColumnMajor(new double[] {-0.776989654080719 , 0.0379934060505645 , 0.628365799951113 , 0,-0.427765648534412, 0.70045603452284 , -0.571294927016223 , 0, -0.461848056600283 , -0.712683551653337, -0.527994817983403 , 0,-1.31897424217306 , 4.91782564925937 , -3.80421393946586, 1})),
                    }
                )
            }
        ),
        new LimbConfig(
            new BranchConfig[] {
                new BranchConfig("L7-B2", "A054", LXMatrix.createFromColumnMajor(new double[] {0.518619726226893 , -0.197755369926389 , -0.831821130552488 , 0,0.835520253056382, 0.323733448887043 , 0.443962341651069 , 0,0.181492386344283 , -0.925251029578988, 0.333123169356441 , 0,3.50830298156647 , 5.05298533252036 , 0.0894866683531416, 1})),
                new BranchConfig("L7-B3", "A107", LXMatrix.createFromColumnMajor(new double[] {-0.678540748885818 , -0.0884956113379428 , -0.729212574545583 , 0,0.637808864535053, 0.42147577938582 , -0.644637898134776 , 0,0.364393063081583 , -0.902511326336151, -0.2295452055979 , 0,3.75477432183598 , 5.48088555405215 , -0.465683373659969, 1})),
                new BranchConfig("L7-B4", "A139", LXMatrix.createFromColumnMajor(new double[] {0.155746617409409 , 0.0921260185746307 , -0.983491630806848 , 0,0.588716865494638, 0.790835065879958 , 0.167309147558676 , 0,0.793193194277217 , -0.605055943922733, 0.0689337455537933 , 0,3.91512222155759 , 5.94522734227396 , -0.0944564248046338, 1})),
                new BranchConfig("L7-B1", "A051", LXMatrix.createFromColumnMajor(new double[] {-0.138872319355469 , 0.0571744691608024 , -0.988658464280265 , 0,0.00276215519076634, 0.998350487032004 , 0.0573469750001043 , 0,0.990306442176125 , 0.0052330793172778, -0.138801172420569 , 0,2.66684966867639 , 4.80379797254718 , -0.0411421593856567, 1})),
            },
            new LimbConfig[] {
                new LimbConfig(
                    new BranchConfig[] {
                        new BranchConfig("L7-SL1-B1", "A089", LXMatrix.createFromColumnMajor(new double[] {0.546208791789608 , -0.0395494862699409 , -0.836714882087991 , 0,0.794668226531856, -0.291392922001785 , 0.532534106652313 , 0,-0.26487424471332 , -0.955785542442992, -0.127732655748259 , 0,3.60488629346937 , 3.39159747410925 , 1.03993083282887, 1})),
                        new BranchConfig("L7-SL1-B3", "A090", LXMatrix.createFromColumnMajor(new double[] {0.144808679422004 , 0.017687093493617 , -0.989301578431877 , 0,0.976060129718987, -0.166543044821044 , 0.139892949767638 , 0,-0.162286997436672 , -0.985875540291716, -0.0413805451571867 , 0,4.27263002253806 , 3.72443866488233 , 1.29394772195435, 1})),
                        new BranchConfig("L7-SL1-B4", "A087", LXMatrix.createFromColumnMajor(new double[] {0.281602622573587 , 0.11897491171383 , -0.952126532212166 , 0,0.875112901344619, 0.375132855759564 , 0.305700425956323 , 0,0.393544626262234 , -0.919304253722542, 0.00152191581830312 , 0,4.3774761645124 , 4.10088507165439 , 1.4626766293751, 1})),
                        new BranchConfig("L7-SL1-B2", "A083", LXMatrix.createFromColumnMajor(new double[] {0.4997418780099 , 0.133717665346058 , -0.855790652751909 , 0,0.555770655388247,0.708310825575891 , 0.435218052223616 , 0,0.664362125630636, -0.693120018717104,0.279656227681673 , 0,3.81614913694653 , 4.07684265299713 , 1.22587670163004, 1})),
                    }
                ),
                new LimbConfig(
                    new BranchConfig[] {
                        new BranchConfig("L7-SL2-B1", "A088", LXMatrix.createFromColumnMajor(new double[] {-0.586231719947006 , -0.136077948367312 , -0.798633309157662 , 0,0.792145792458123, -0.302914490705476 , -0.529856447362429 , 0,-0.16981582381765 , -0.943252672028436, 0.285371657128643 , 0,3.60454006820313 , 3.75106692300953 , -1.12744227464846, 1})),
                        new BranchConfig("L7-SL2-B3", "A071", LXMatrix.createFromColumnMajor(new double[] {-0.873552407186967 , -0.0640884261721705 , -0.48249234763738 , 0,0.484003014910528, -0.219165852695892 , -0.847176139046422 , 0,-0.051451661347088 , -0.973580506503113, 0.222471849683882 , 0,4.06327469329572 , 4.05732315712059 , -1.69043356122051, 1})),
//                        new BranchConfig("L7-SL2-B4", "A087", LXMatrix.createFromColumnMajor(new double[] {-0.794959223383788 , 0.0305087467079456 , -0.605895246335004 , 0,0.578556403403079, 0.33859870225325 , -0.742040030533197 , 0,0.182516632771752 , -0.940436140950956, -0.286823192149686 , 0,4.24095318581422 , 4.43744753832368 , -1.76191686674861, 1})),
                        new BranchConfig("L7-SL2-B4", "A072", LXMatrix.createFromColumnMajor(new double[] {-0.794959223383788 , 0.0305087467079456 , -0.605895246335004 , 0,0.578556403403079, 0.33859870225325 , -0.742040030533197 , 0,0.182516632771752 , -0.940436140950956, -0.286823192149686 , 0,4.24095318581422 , 4.43744753832368 , -1.76191686674861, 1})),
                        new BranchConfig("L7-SL2-B2", "A064", LXMatrix.createFromColumnMajor(new double[] {-0.628365799951112 , 0.037993406050561 , -0.776989654080719 , 0,0.571294927016219, 0.700456034522844 , -0.427765648534411 , 0,0.527994817983407 , -0.712683551653334, -0.461848056600284 , 0,3.82200122552941 , 4.43282564925939 , -1.31897424217306, 1})),
                    }
                )
            }
        ),
        new LimbConfig(
            new BranchConfig[] {
                new BranchConfig("L8-B1", "A091", LXMatrix.createFromColumnMajor(new double[] {0.847774387036989 , -0.0717564650548938 , 0.525480350162481 , 0,-0.526399551964788, -0.234660561659251 , 0.817213517076802 , 0,0.0646691609295189 , -0.969425309409957, -0.2367117848779 , 0,-1.87180528302123 , 6.5426255706519 , 2.1304785790926, 1})),
                new BranchConfig("L8-B2", "A098", LXMatrix.createFromColumnMajor(new double[] {0.607921979305688 , -0.254191658353148 , 0.752208393931317 , 0,-0.791287400700362, -0.115760550589662 , 0.600386329308091 , 0, -0.0655371388597282 , -0.960201070479957, -0.27151203965796 , 0,-2.33633920131332 , 6.86533867215916 , 2.38528318631572, 1})),
                new BranchConfig("L8-B3", "A093", LXMatrix.createFromColumnMajor(new double[] {0.953319533463828 , -0.252880050255998 , 0.165025898872978 , 0,-0.215301510230023, -0.186045158362811 , 0.958661806239525 , 0,-0.211724176250568 , -0.949441351128273, -0.231805940300799 , 0,-2.29745332375778 , 7.06308166486208 , 2.87456445822635, 1})),
                new BranchConfig("L8-B4", "A097", LXMatrix.createFromColumnMajor(new double[] {0.642892143446757 , -0.166587028798088 , 0.747621865471215 , 0,-0.591359819042571, 0.512393686609677 , 0.622692760793381 , 0,-0.486809260713448 , -0.842437814772562, 0.230901000268204 , 0, -2.64364244111558 , 7.54116745245271 , 2.92088216768671, 1})),
            },
            new LimbConfig[] {
                new LimbConfig(
                    new BranchConfig[] {
                        new BranchConfig("L8-SL1-B1", "A095", LXMatrix.createFromColumnMajor(new double[] {0.438575872443345 , 0.241590967989678 , 0.865612504701941 , 0,-0.173018785269161, 0.967868776224135 , -0.182467892941138 , 0, -0.881881910492863 , -0.0697412087377669, 0.466283668756748 , 0, -1.86513347136258 , 7.93977695323102 , 0.755169113221658, 1})),
                        new BranchConfig("L8-SL1-B3", "A109", LXMatrix.createFromColumnMajor(new double[] {0.371881183314843 , 0.63446805254192 , 0.677609530481984 , 0,-0.462087452137392, 0.759621000136563 , -0.457658303463077 , 0, -0.805096001774649 , -0.142920350038722, 0.575668482263259 , 0, -2.48262429416523 , 8.42687244187121 , 0.806477929692633, 1})),
                        new BranchConfig("L8-SL1-B4", "A119", LXMatrix.createFromColumnMajor(new double[] {0.475094193625125 , 0.557430215455124 , 0.680850249380396 , 0,-0.769209368991256, 0.638849788377346 , 0.0137074631604241 , 0, -0.427320083590471 , -0.530228726860281, 0.732294369343612 , 0,-2.79536192790212 , 8.48968271905139 , 1.0883007399531, 1})),
                        new BranchConfig("L8-SL1-B2", "A111", LXMatrix.createFromColumnMajor(new double[] {0.60964950966719 , 0.470437849810561 , 0.637977824715068 , 0,-0.790166695028072, 0.424602123351576 , 0.441983745078647 , 0, -0.06296085633922 , -0.77356400272437, 0.63058279730586 , 0, -2.47237363504896 , 7.98031276109885 , 1.17752564772066, 1})),
                    }
                ),
                new LimbConfig(
                    new BranchConfig[] {
                        new BranchConfig("L8-SL2-B1", "A120", LXMatrix.createFromColumnMajor(new double[] {0.949729192131158 , -0.16694297490592 , 0.264848078610094 , 0,0.13604601415884,0.981986295523446 , 0.131127409169982 , 0,-0.28196798336932 , -0.0885040029247281, 0.955332977459121 , 0,-1.11395732413531 , 8.03567562811422 , 2.02179123195523, 1})),
                        new BranchConfig("L8-SL2-B3", "A150", LXMatrix.createFromColumnMajor(new double[] {0.931364582756752 , 0.272662427434114 , 0.241278292956655 , 0,-0.311954052271627, 0.939323154601529 , 0.142676839398493 , 0,-0.187735673907897 , -0.208151896208439, 0.959910467099499 , 0,-1.29053159481439 , 8.56519190825537 , 2.57822951419901, 1})),
                        new BranchConfig("L8-SL2-B4", "A117", LXMatrix.createFromColumnMajor(new double[] {0.970414213466294 , 0.18385462716692 , 0.156504729551243 , 0,-0.241173830094263, 0.707331775033805 , 0.66446741357661 , 0,0.011464640433029 , -0.682553467573669, 0.730745732743546 , 0,-1.27964655832654 , 8.57151352082431 , 3.00368880491093, 1})),
                        new BranchConfig("L8-SL2-B2", "A118", LXMatrix.createFromColumnMajor(new double[] {0.995082201955042 , 0.0975814083068055 , 0.0170082363919699 , 0,-0.0510587502719249, 0.35817917579785 , 0.932255695635828 , 0,0.0848788275895339 , -0.928539469692933, 0.361400107705287 , 0,-1.20695545154248 , 8.01891225281634 , 2.7565287006437, 1})),
                    }
                )
            }
        ),
        new LimbConfig(
            new BranchConfig[] {
                new BranchConfig("L9-B1", "A074", LXMatrix.createFromColumnMajor(new double[] {0.546208791789608 , -0.0395494862699409 , -0.836714882087991 , 0,0.794668226531856, -0.291392922001785 , 0.532534106652313 , 0, -0.26487424471332 , -0.955785542442992, -0.127732655748259 , 0, 3.60488629346937 , 3.39159747410925 , 1.03993083282887, 1})),
                new BranchConfig("L9-B2", "A141", LXMatrix.createFromColumnMajor(new double[] {0.144808679422004 , 0.017687093493617 , -0.989301578431877 , 0,0.976060129718987, -0.166543044821044 , 0.139892949767638 , 0, -0.162286997436672 , -0.985875540291716, -0.0413805451571867 , 0, 4.27263002253806 , 3.72443866488233 , 1.29394772195435, 1})),
                new BranchConfig("L9-B3", "A099", LXMatrix.createFromColumnMajor(new double[] {0.281602622573587 , 0.11897491171383 , -0.952126532212166 , 0,0.875112901344619, 0.375132855759564 , 0.305700425956323 , 0, 0.393544626262234 , -0.919304253722542, 0.00152191581830312 , 0, 4.3774761645124 , 4.10088507165439 , 1.4626766293751, 1})),
                new BranchConfig("L9-B4", "A142", LXMatrix.createFromColumnMajor(new double[] {0.4997418780099 , 0.133717665346058 , -0.855790652751909 , 0,0.555770655388247,0.708310825575891 , 0.435218052223616 , 0, 0.664362125630636 , -0.693120018717104, 0.279656227681673 , 0, 3.81614913694653 , 4.07684265299713 , 1.22587670163004, 1})),
            },
            new LimbConfig[] {
                new LimbConfig(
                    new BranchConfig[] {
                        new BranchConfig("L9-SL1-B1", "A154", LXMatrix.createFromColumnMajor(new double[] {0.949729192131158 , -0.16694297490592 , 0.264848078610094 , 0,0.13604601415884,0.981986295523446 , 0.131127409169982 , 0, -0.281967983369372 , -0.0885040029247281, 0.955332977459121 , 0, -1.11395732413531 , 8.03567562811422 , 2.02179123195523, 1})),
                        new BranchConfig("L9-SL1-B3", "A027", LXMatrix.createFromColumnMajor(new double[] {0.931364582756752 , 0.272662427434114 , 0.241278292956655 , 0,-0.311954052271627, 0.939323154601529 , 0.142676839398493 , 0, -0.187735673907897 , -0.208151896208439, 0.959910467099499 , 0, -1.29053159481439 , 8.56519190825537 , 2.57822951419901, 1})),
                        new BranchConfig("L9-SL1-B4", "A106", LXMatrix.createFromColumnMajor(new double[] {0.970414213466294 , 0.18385462716692 , 0.156504729551243 , 0,-0.241173830094263, 0.707331775033805 , 0.66446741357661 , 0, 0.011464640433029 , -0.682553467573669,0.730745732743546 , 0, -1.27964655832654 , 8.57151352082431 , 3.00368880491093, 1})),
                        new BranchConfig("L9-SL1-B2", "A132", LXMatrix.createFromColumnMajor(new double[] {0.995082201955042 , 0.0975814083068055 , 0.0170082363919699 , 0,-0.0510587502719249, 0.35817917579785 , 0.932255695635828 , 0, 0.0848788275895339 , -0.928539469692933, 0.361400107705287 , 0, -1.20695545154248 , 8.01891225281634 , 2.7565287006437, 1})),
                    }
                ),
                new LimbConfig(
                    new BranchConfig[] {
                        new BranchConfig("L9-SL2-B1", "A130", LXMatrix.createFromColumnMajor(new double[] {-0.255862737088852 , -0.124099567819794 , 0.958714533652401 , 0,-0.191655028188594, 0.978552667037127 , 0.0755183951402264 , 0,  -0.947524464032159 , -0.16442011769083, -0.27415946994241 , 0, -2.19689295931013 , 7.84830048664474 , -1.28905905149022, 1})),
                        new BranchConfig("L9-SL2-B3", "A104", LXMatrix.createFromColumnMajor(new double[] {-0.25939503999514 , 0.314153790016642 , 0.913247835718267 , 0,-0.199700834301659, 0.907730564364942 , -0.368978047174794 , 0, -0.944898825274506 , -0.278087430021357, -0.172724032082904 , 0, -2.78456982449126 , 8.33062739440486 , -1.49687190510666, 1})),
                        new BranchConfig("L9-SL2-B4", "A135", LXMatrix.createFromColumnMajor(new double[] {-0.169383984785636 , 0.233314957647323 , 0.9575349582319 , 0,-0.70633603178865, 0.648826928120155 , -0.283042448306304 , 0, -0.687312502356244 , -0.724284300454036, 0.0548978708203313 , 0, -3.20962991607654 , 8.31137539643029 , -1.48558766949216, 1})),
                        new BranchConfig("L9-SL2-B2", "A138", LXMatrix.createFromColumnMajor(new double[] {-0.0248829574506437 , 0.157487231516574 , 0.987207480896369 , 0,-0.952458806972257, 0.296216083461207 , -0.0712618616083547 , 0, -0.303649566852143 , -0.942047665358897, 0.142629368442678 , 0, -2.92902243579849 , 7.78058886680383 , -1.37944918669729, 1})),
                    }
                )
            }
        ),
        new LimbConfig(
            new BranchConfig[] {
                new BranchConfig("L10-B1", "A031", LXMatrix.createFromColumnMajor(new double[] {0.438575872443345 , 0.241590967989678 , 0.865612504701941 , 0,-0.173018785269161, 0.967868776224135 , -0.182467892941138 , 0, -0.881881910492863 , -0.0697412087377669,0.466283668756748 , 0, -1.86513347136258 , 7.93977695323102 , 0.755169113221658, 1})),
                new BranchConfig("L10-B2", "A121", LXMatrix.createFromColumnMajor(new double[] {0.371881183314843 , 0.63446805254192 , 0.677609530481984 , 0,-0.462087452137392,0.759621000136563 , -0.457658303463077 , 0, -0.805096001774649 , -0.142920350038722, 0.575668482263259 , 0, -2.48262429416523 , 8.42687244187121 , 0.806477929692633, 1})),
                new BranchConfig("L10-B3", "A137", LXMatrix.createFromColumnMajor(new double[] {0.475094193625125 , 0.557430215455124 , 0.680850249380396 , 0,-0.769209368991256, 0.638849788377346 , 0.0137074631604241 , 0, -0.427320083590471 , -0.530228726860281, 0.732294369343612 , 0,-2.79536192790212 , 8.48968271905139 , 1.0883007399531, 1})),
                new BranchConfig("L10-B4", "A105", LXMatrix.createFromColumnMajor(new double[] {0.60964950966719 , 0.470437849810561 , 0.637977824715068 , 0,-0.790166695028072, 0.424602123351576 , 0.441983745078647 , 0, -0.06296085633922 , -0.77356400272437, 0.63058279730586 , 0, -2.47237363504896 , 7.98031276109885 , 1.17752564772066, 1})),
            },
            new LimbConfig[] {
                new LimbConfig(
                    new BranchConfig[] {
                        new BranchConfig("L10-SL1-B1", "A145", LXMatrix.createFromColumnMajor(new double[] {-0.255862737088852 , -0.124099567819794 , 0.958714533652401 , 0,-0.191655028188594, 0.978552667037127 , 0.0755183951402264 , 0,-0.947524464032159 , -0.16442011769083, -0.27415946994241 , 0,-2.19689295931013 , 7.84830048664474 , -1.28905905149022, 1})),
                        new BranchConfig("L10-SL1-B3", "A069", LXMatrix.createFromColumnMajor(new double[] {-0.25939503999514 , 0.314153790016642 , 0.913247835718267 , 0,-0.199700834301659, 0.907730564364942 , -0.368978047174794 , 0, -0.944898825274506 , -0.278087430021357, -0.172724032082904 , 0,-2.78456982449126 , 8.33062739440486 , -1.49687190510666, 1})),
                        new BranchConfig("L10-SL1-B4", "2a::15::4::2::7::83", LXMatrix.createFromColumnMajor(new double[] {-0.169383984785636 , 0.233314957647323 , 0.9575349582319 , 0,-0.70633603178865,0.648826928120155 , -0.283042448306304 , 0, -0.68731250235624 , -0.724284300454036, 0.0548978708203313 , 0,-3.20962991607654 , 8.31137539643029 , -1.48558766949216, 1})),
                        new BranchConfig("L10-SL1-B2", "A077", LXMatrix.createFromColumnMajor(new double[] {-0.0248829574506437 , 0.157487231516574 , 0.987207480896369 , 0,-0.952458806972257, 0.296216083461207 , -0.0712618616083547 , 0, -0.303649566852143 , -0.942047665358897, 0.142629368442678 , 0, -2.92902243579849 , 7.78058886680383 , -1.37944918669729, 1})),
                    }
                ),
                new LimbConfig(
                    new BranchConfig[] {
                        new BranchConfig("L10-SL2-B1", "A156", LXMatrix.createFromColumnMajor(new double[] {0.847774387036989 , -0.0717564650548938 , 0.525480350162481 , 0,-0.526399551964788, -0.234660561659251 , 0.817213517076802 , 0,0.0646691609295189 , -0.969425309409957,-0.2367117848779 , 0, -1.87180528302123 , 6.5426255706519 , 2.1304785790926, 1})),
                        new BranchConfig("L10-SL2-B3", "A148", LXMatrix.createFromColumnMajor(new double[] {0.607921979305688 , -0.254191658353148 , 0.752208393931317 , 0,-0.791287400700362, -0.115760550589662 , 0.600386329308091 , 0, -0.0655371388597282 , -0.960201070479957, -0.27151203965796 , 0, -2.33633920131332 , 6.86533867215916 , 2.38528318631572, 1})),
