[
  {
    "transform": [
      [
        0.8237104415893555,
        -0.00476396270096302,
        -0.5669906735420227,
        -52.423587799072266
      ],
      [
        0.06037397310137749,
        -0.9935430884361267,
        0.09605779498815536,
        8.5941743850708
      ],
      [
        -0.5637872815132141,
        -0.11335528641939163,
        -0.8181042075157166,
        -99.21122741699219
      ],
      [
        0.0,
        0.0,
        0.0,
        1.0
      ]
    ],
    "debug": "14",
    "tvec": [
      -52.423587799072266,
      8.5941743850708,
      -99.21122741699219
    ],
    "rvec": [
      3.1044206619262695,
      0.04748827591538429,
      -0.9656299948692322
    ],
    "id": "d8:80:39:63:5:f0"
  },
  {
    "transform": [
      [
        0.6614331603050232,
        0.007502584718167782,
        -0.7499666213989258,
        7.733301639556885
      ],
      [
        0.07591237127780914,
        -0.9954844117164612,
        0.05699220672249794,
        56.8330192565918
      ],
      [
        -0.7461524605751038,
        -0.09462827444076538,
        -0.659015953540802,
        -113.43944549560547
      ],
      [
        0.0,
        0.0,
        0.0,
        1.0
      ]
    ],
    "debug": "23",
    "tvec": [
      7.733301639556885,
      56.8330192565918,
      -113.43944549560547
    ],
    "rvec": [
      -2.7869577407836914,
      -0.07010814547538757,
      1.257449984550476
    ],
    "id": "d8:80:39:63:36:95"
  },
  {
    "transform": [
      [
        0.8132271766662598,
        -0.008118757978081703,
        -0.5818897485733032,
        -44.82921600341797
      ],
      [
        0.05739593878388405,
        -0.9939085841178894,
        0.0940818190574646,
        35.38227462768555
      ],
      [
        -0.5791090130805969,
        -0.10990799963474274,
        -0.8078075051307678,
        -131.44334411621094
      ],
      [
        0.0,
        0.0,
        0.0,
        1.0
      ]
    ],
    "debug": "33",
    "tvec": [
      -44.82921600341797,
      35.38227462768555,
      -131.44334411621094
    ],
    "rvec": [
      -2.8886711597442627,
      -0.039376989006996155,
      0.9277445077896118
    ],
    "id": "d8:80:39:63:68:84"
  },
  {
    "transform": [
      [
        0.29790669679641724,
        0.8484179973602295,
        -0.43753689527511597,
        -41.454566955566406
      ],
      [
        0.7352598905563354,
        -0.4962531626224518,
        -0.4616553485393524,
        23.985248565673828
      ],
      [
        -0.608805775642395,
        -0.1841731071472168,
        -0.7716448903083801,
        -98.96306610107422
      ],
      [
        0.0,
        0.0,
        0.0,
        1.0
      ]
    ],
    "debug": "47",
    "tvec": [
      -41.454566955566406,
      23.985248565673828,
      -98.96306610107422
    ],
    "rvec": [
      2.386174201965332,
      1.4728055000305176,
      -0.9730888605117798
    ],
    "id": "d8:80:39:62:ae:3"
  },
  {
    "transform": [
      [
        0.9800289869308472,
        -0.007180570159107447,
        -0.19872502982616425,
        -19.970962524414062
      ],
      [
        0.013908200897276402,
        -0.9944254159927368,
        0.10452121496200562,
        33.00206756591797
      ],
      [
        -0.19836772978305817,
        -0.1051977276802063,
        -0.9744658470153809,
        -109.46721649169922
      ],
      [
        0.0,
        0.0,
        0.0,
        1.0
      ]
    ],
    "debug": "79",
    "tvec": [
      -19.970962524414062,
      33.00206756591797,
      -109.46721649169922
    ],
    "rvec": [
      -3.0207695960998535,
      -0.005146374460309744,
      0.30376043915748596
    ],
    "id": "d8:80:39:63:16:9d"
  },
  {
    "transform": [
      [
        0.43830469250679016,
        -0.01765347644686699,
        -0.8986530900001526,
        -41.93541717529297
      ],
      [
        0.08986366540193558,
        -0.9939369559288025,
        0.06335493922233582,
        10.643423080444336
      ],
      [
        -0.89432293176651,
        -0.10852503031492233,
        -0.43406081199645996,
        -126.28962707519531
      ],
      [
        0.0,
        0.0,
        0.0,
        1.0
      ]
    ],
    "debug": "119",
    "tvec": [
      -41.93541717529297,
      10.643423080444336,
      -126.28962707519531
    ],
    "rvec": [
      -2.576727867126465,
      -0.0649150013923645,
      1.6118366718292236
    ],
    "id": "0:1e:c0:f5:34:ae"
  },
  {
    "transform": [
      [
        0.8671640157699585,
        4.7956479829736054E-4,
        -0.4980223774909973,
        -14.896398544311523
      ],
      [
        0.05754080042243004,
        -0.9933990240097046,
        0.09923432022333145,
        12.56528091430664
      ],
      [
        -0.49468734860420227,
        -0.1147090420126915,
        -0.8614674806594849,
        -148.95962524414062
      ],
      [
        0.0,
        0.0,
        0.0,
        1.0
      ]
    ],
    "debug": "126",
    "tvec": [
      -14.896398544311523,
      12.56528091430664,
      -148.95962524414062
    ],
    "rvec": [
      -2.9279468059539795,
      -0.04564189538359642,
      0.7809181809425354
    ],
    "id": "0:1e:c0:f4:b8:b6"
  },
  {
    "transform": [
      [
        0.1591683179140091,
        -0.011215639300644398,
        -0.9871877431869507,
        -12.456649780273438
      ],
      [
        0.10752669721841812,
        -0.9937899708747864,
        0.028627615422010422,
        35.61356735229492
      ],
      [
        -0.9813783168792725,
        -0.11070564389228821,
        -0.15697389841079712,
        -134.56704711914062
      ],
      [
        0.0,
        0.0,
        0.0,
        1.0
      ]
    ],
    "debug": "160",
    "tvec": [
      -12.456649780273438,
      35.61356735229492,
      -134.56704711914062
    ],
    "rvec": [
      -2.3201162815093994,
      -0.09673567861318588,
      1.9772452116012573
    ],
    "id": "0:1e:c0:f4:bd:e7"
  },
  {
    "transform": [
      [
        -0.08932734280824661,
        -0.016437960788607597,
        -0.9958666563034058,
        13.134053230285645
      ],
      [
        0.1105792298913002,
        -0.9938461780548096,
        0.006485863123089075,
        32.24026870727539
      ],
      [
        -0.9898448586463928,
        -0.10954280197620392,
        0.09059532731771469,
        -103.17304229736328
      ],
      [
        0.0,
        0.0,
        0.0,
        1.0
      ]
    ],
    "debug": "174",
    "tvec": [
      13.134053230285645,
      32.24026870727539,
      -103.17304229736328
    ],
    "rvec": [
      -2.0594587326049805,
      -0.10688436776399612,
      2.254500389099121
    ],
    "id": "0:1e:c0:f4:ce:b4"
  },
  {
    "transform": [
      [
        0.9946873784065247,
        -0.01056573074311018,
        -0.10239816457033157,
        -41.83058547973633
      ],
      [
        -0.0012448362540453672,
        -0.9958806037902832,
        0.0906655341386795,
        59.63855743408203
      ],
      [
        -0.10293429344892502,
        -0.0900563895702362,
        -0.9906030297279358,
        -136.0820770263672
      ],
      [
        0.0,
        0.0,
        0.0,
        1.0
      ]
    ],
    "debug": "176",
    "tvec": [
      -41.83058547973633,
      59.63855743408203,
      -136.0820770263672
    ],
    "rvec": [
      -3.046924114227295,
      0.009039023891091347,
      0.1571478247642517
    ],
    "id": "0:1e:c0:f5:14:c0"
  },
  {
    "transform": [
      [
        0.2640129625797272,
        -0.027796003967523575,
        0.9641185402870178,
        -22.03430938720703
      ],
      [
        -0.10211054980754852,
        -0.9947727918624878,
        -7.1796088013798E-4,
        21.27063751220703
      ],
      [
        0.9590988159179688,
        -0.09825712442398071,
        -0.2654711902141571,
        -109.15160369873047
      ],
      [
        0.0,
        0.0,
        0.0,
        1.0
      ]
    ],
    "debug": "330",
    "tvec": [
      -22.03430938720703,
      21.27063751220703,
      -109.15160369873047
    ],
    "rvec": [
      -2.4480435848236084,
      0.12598435580730438,
      -1.8651506900787354
    ],
    "id": "d8:80:39:9b:38:d7"
  },
  {
    "transform": [
      [
        0.858958899974823,
        -0.012762799859046936,
        -0.5118854641914368,
        -21.634700775146484
      ],
      [
        0.04445309564471245,
        -0.9940562844276428,
        0.09937833249568939,
        8.75112247467041
      ],
      [
        -0.5101112723350525,
        -0.10811679810285568,
        -0.8532861471176147,
        -110.10387420654297
      ],
      [
        0.0,
        0.0,
        0.0,
        1.0
      ]
    ],
    "debug": "349",
    "tvec": [
      -21.634700775146484,
      8.75112247467041,
      -110.10387420654297
    ],
    "rvec": [
      -2.9245107173919678,
      -0.025005685165524483,
      0.8064212799072266
    ],
    "id": "d8:80:39:9b:b:27"
  },
  {
    "transform": [
      [
        -0.7855870723724365,
        0.005220677703619003,
        0.6187291145324707,
        37.96291732788086
      ],
      [
        0.07586448639631271,
        0.9932324290275574,
        0.08794286847114563,
        -58.267398834228516
      ],
      [
        -0.6140826940536499,
        0.11602634191513062,
        -0.7806665897369385,
        -128.8256378173828
      ],
      [
        0.0,
        0.0,
        0.0,
        1.0
      ]
    ],
    "debug": "351",
    "tvec": [
      37.96291732788086,
      -58.267398834228516,
      -128.8256378173828
    ],
    "rvec": [
      0.05629491060972214,
      2.471240758895874,
      0.14160948991775513
    ],
    "id": "d8:80:39:9a:96:f9"
  },
  {
    "transform": [
      [
        0.35689446330070496,
        -0.8188340067863464,
        -0.4495967626571655,
        18.683176040649414
      ],
      [
        -0.6872794032096863,
        -0.556132435798645,
        0.4672940671443939,
        58.5495491027832
      ],
      [
        -0.632671594619751,
        0.14222393929958344,
        -0.7612482905387878,
        -152.77931213378906
      ],
      [
        0.0,
        0.0,
        0.0,
        1.0
      ]
    ],
    "debug": "390",
    "tvec": [
      18.683176040649414,
      58.5495491027832,
      -152.77931213378906
    ],
    "rvec": [
      -2.4179248809814453,
      1.3617405891418457,
      0.978524386882782
    ],
    "id": "d8:80:39:9a:d3:7c"
  },
  {
    "transform": [
      [
        0.9654076099395752,
        -0.05280032381415367,
        -0.255343496799469,
        -33.04118728637695
      ],
      [
        -0.028132561594247818,
        -0.9946584701538086,
        0.09931290149688721,
        9.457823753356934
      ],
      [
        -0.2592233419418335,
        -0.08869396150112152,
        -0.961736261844635,
        -108.93296813964844
      ],
      [
        0.0,
        0.0,
        0.0,
        1.0
      ]
    ],
    "debug": "393",
    "tvec": [
      -33.04118728637695,
      9.457823753356934,
      -108.93296813964844
    ],
    "rvec": [
      3.208388328552246,
      -0.06621040403842926,
      -0.4209620952606201
    ],
    "id": "d8:80:39:9b:10:18"
  }
]