[
  {
    "transform": [
      [
        0.49540776014328003,
        -0.013445638120174408,
        -0.8685564994812012,
        9.247581481933594
      ],
      [
        0.11455828696489334,
        -0.9901357293128967,
        0.08066956698894501,
        30.556575775146484
      ],
      [
        -0.8610734939575195,
        -0.13946467638015747,
        -0.48898062109947205,
        18.78007698059082
      ],
      [
        0.0,
        0.0,
        0.0,
        1.0
      ]
    ],
    "debug": "23",
    "tvec": [
      -0.37656769156455994,
      60.60625457763672,
      -114.12823486328125
    ],
    "rvec": [
      -2.6042892932891846,
      -0.08852729946374893,
      1.5143452882766724
    ],
    "id": "d8:80:39:63:36:95"
  },
  {
    "transform": [
      [
        -0.19668462872505188,
        -0.032944414764642715,
        -0.9799131751060486,
        -22.87230682373047
      ],
      [
        0.13860075175762177,
        -0.9903331995010376,
        0.005475291982293129,
        9.249504089355469
      ],
      [
        -0.9706209301948547,
        -0.13473978638648987,
        0.19934943318367004,
        6.629770278930664
      ],
      [
        0.0,
        0.0,
        0.0,
        1.0
      ]
    ],
    "debug": "33",
    "tvec": [
      -32.496456146240234,
      39.2991828918457,
      -126.2785415649414
    ],
    "rvec": [
      -1.9161871671676636,
      -0.1269882768392563,
      2.344345808029175
    ],
    "id": "d8:80:39:63:68:84"
  },
  {
    "transform": [
      [
        0.056232403963804245,
        -0.05324282869696617,
        -0.996997058391571,
        -5.682374000549316
      ],
      [
        0.1125824898481369,
        -0.9918701648712158,
        0.05931888893246651,
        6.085296630859375
      ],
      [
        -0.9920499324798584,
        -0.11558005213737488,
        -0.04978103190660477,
        33.566856384277344
      ],
      [
        0.0,
        0.0,
        0.0,
        1.0
      ]
    ],
    "debug": "79",
    "tvec": [
      -15.306523323059082,
      36.13497543334961,
      -99.3414535522461
    ],
    "rvec": [
      -2.191648483276367,
      -0.061991844326257706,
      2.0779473781585693
    ],
    "id": "d8:80:39:63:16:9d"
  },
  {
    "transform": [
      [
        0.3197760283946991,
        -0.013886098749935627,
        -0.9473913908004761,
        -27.748180389404297
      ],
      [
        0.12881657481193542,
        -0.9899714589118958,
        0.057990070432424545,
        -14.024293899536133
      ],
      [
        -0.9386956691741943,
        -0.14058354496955872,
        -0.3147803843021393,
        -0.2716350555419922
      ],
      [
        0.0,
        0.0,
        0.0,
        1.0
      ]
    ],
    "debug": "119",
    "tvec": [
      -37.37232971191406,
      16.0253849029541,
      -133.17994689941406
    ],
    "rvec": [
      -2.4500083923339844,
      -0.10728810727596283,
      1.7606706619262695
    ],
    "id": "0:1e:c0:f5:34:ae"
  },
  {
    "transform": [
      [
        0.7872101068496704,
        -0.019475620239973068,
        -0.6163772344589233,
        -1.5598068237304688
      ],
      [
        0.07555047422647476,
        -0.9889264106750488,
        0.12773679196834564,
        -10.537006378173828
      ],
      [
        -0.6120395064353943,
        -0.1471232771873474,
        -0.7770214676856995,
        -29.64924430847168
      ],
      [
        0.0,
        0.0,
        0.0,
        1.0
      ]
    ],
    "debug": "126",
    "tvec": [
      -11.183956146240234,
      19.512672424316406,
      -162.55755615234375
    ],
    "rvec": [
      -2.830904960632324,
      -0.04467647522687912,
      0.9787155985832214
    ],
    "id": "0:1e:c0:f4:b8:b6"
  },
  {
    "transform": [
      [
        0.029399821534752846,
        -0.04095742106437683,
        -0.9987282752990723,
        2.996748924255371
      ],
      [
        0.15533556044101715,
        -0.9868343472480774,
        0.045042309910058975,
        11.752010345458984
      ],
      [
        -0.9874241948127747,
        -0.15646225214004517,
        -0.02265061065554619,
        -14.310636520385742
      ],
      [
        0.0,
        0.0,
        0.0,
        1.0
      ]
    ],
    "debug": "160",
    "tvec": [
      -6.6274003982543945,
      41.80168914794922,
      -147.2189483642578
    ],
    "rvec": [
      -2.147449016571045,
      -0.12046840786933899,
      2.0919086933135986
    ],
    "id": "0:1e:c0:f4:bd:e7"
  },
  {
    "transform": [
      [
        -0.04020785912871361,
        -0.025517800822854042,
        -0.9988654255867004,
        20.13638687133789
      ],
      [
        0.1515285223722458,
        -0.9882674217224121,
        0.019147496670484543,
        7.331729888916016
      ],
      [
        -0.9876347780227661,
        -0.15058672428131104,
        0.04360279068350792,
        13.386476516723633
      ],
      [
        0.0,
        0.0,
        0.0,
        1.0
      ]
    ],
    "debug": "174",
    "tvec": [
      10.512237548828125,
      37.38140869140625,
      -119.52183532714844
    ],
    "rvec": [
      -2.0867602825164795,
      -0.13807305693626404,
      2.176657199859619
    ],
    "id": "0:1e:c0:f4:ce:b4"
  },
  {
    "transform": [
      [
        0.4066469669342041,
        -0.024517685174942017,
        -0.9132563471794128,
        -28.83132553100586
      ],
      [
        0.1137237697839737,
        -0.9905061721801758,
        0.07722952216863632,
        33.79566955566406
      ],
      [
        -0.90647953748703,
        -0.1352640986442566,
        -0.39999809861183167,
        4.68266487121582
      ],
      [
        0.0,
        0.0,
        0.0,
        1.0
      ]
    ],
    "debug": "176",
    "tvec": [
      -38.455474853515625,
      63.8453483581543,
      -128.22564697265625
    ],
    "rvec": [
      -2.525891065597534,
      -0.08055511862039566,
      1.6432628631591797
    ],
    "id": "0:1e:c0:f5:14:c0"
  },
  {
    "transform": [
      [
        0.9972147941589355,
        -0.06342596560716629,
        0.03923964500427246,
        4.36100959777832
      ],
      [
        -0.06542614847421646,
        -0.9965024590492249,
        0.05198310315608978,
        -13.765522003173828
      ],
      [
        0.03580532222986221,
        -0.05440562218427658,
        -0.997876763343811,
        2.114870071411133
      ],
      [
        0.0,
        0.0,
        0.0,
        1.0
      ]
    ],
    "debug": "330",
    "tvec": [
      -5.263139724731445,
      16.284156799316406,
      -130.79344177246094
    ],
    "rvec": [
      -3.0861833095550537,
      0.09962467104196548,
      -0.05802256613969803
    ],
    "id": "d8:80:39:9b:38:d7"
  },
  {
    "transform": [
      [
        0.809291660785675,
        -0.028232501819729805,
        -0.5867281556129456,
        -7.644948959350586
      ],
      [
        0.060599613934755325,
        -0.9895020127296448,
        0.13120025396347046,
        -16.3431453704834
      ],
      [
        -0.5842728018760681,
        -0.1417347639799118,
        -0.7990848422050476,
        10.95115852355957
      ],
      [
        0.0,
        0.0,
        0.0,
        1.0
      ]
    ],
    "debug": "349",
    "tvec": [
      -17.26909828186035,
      13.70653247833252,
      -121.9571533203125
    ],
    "rvec": [
      -2.850299119949341,
      -0.02564176358282566,
      0.9276863932609558
    ],
    "id": "d8:80:39:9b:b:27"
  },
  {
    "transform": [
      [
        -0.4580768644809723,
        0.009381299838423729,
        0.8888630867004395,
        43.378265380859375
      ],
      [
        0.13447287678718567,
        0.9891675710678101,
        0.05886084586381912,
        -83.80397033691406
      ],
      [
        -0.8786823153495789,
        0.14649076759815216,
        -0.4543762803077698,
        -10.189313888549805
      ],
      [
        0.0,
        0.0,
        0.0,
        1.0
      ]
    ],
    "debug": "351",
    "tvec": [
      33.75411605834961,
      -53.75428771972656,
      -143.09762573242188
    ],
    "rvec": [
      0.10128764808177948,
      2.043029546737671,
      0.14458796381950378
    ],
    "id": "d8:80:39:9a:96:f9"
  },
  {
    "transform": [
      [
        -0.6901354193687439,
        -0.017008936032652855,
        -0.7234803438186646,
        14.218953132629395
      ],
      [
        -0.45563697814941406,
        -0.7664834260940552,
        0.45265674591064453,
        39.703147888183594
      ],
      [
        -0.5622348785400391,
        0.6420388221740723,
        0.5212274193763733,
        -35.6910400390625
      ],
      [
        0.0,
        0.0,
        0.0,
        1.0
      ]
    ],
    "debug": "390",
    "tvec": [
      4.594803810119629,
      69.7528305053711,
      -168.59934997558594
    ],
    "rvec": [
      1.0841878652572632,
      -0.923109233379364,
      -2.5110883712768555
    ],
    "id": "d8:80:39:9a:d3:7c"
  }
]