[{"transform":[[0.9833515286445618,0.012303747236728668,-0.18129649758338928,3.796717405319214],[-0.025880901142954826,0.9970169067382812,-0.07271502912044525,-17.171062469482422],[0.17986099421977997,0.07619655132293701,0.980736494064331,-21.218841552734375],[0.0,0.0,0.0,1.0]],"id":"d8:80:39:63:34:cd"},{"transform":[[0.9978927373886108,-0.026765970513224602,-0.059107497334480286,-5.546030521392822],[0.0189385823905468,0.9914346933364868,-0.1292228400707245,-24.330713272094727],[0.062059998512268066,0.1278311163187027,0.9898523688316345,30.046401977539062],[0.0,0.0,0.0,1.0]],"id":"d8:80:39:62:cb:16"},{"transform":[[0.9874784350395203,-0.01699279248714447,-0.15683613717556,-2.3413658142089844],[-0.007224018685519695,0.988267719745636,-0.15256044268608093,3.4504878520965576],[0.15758852660655975,0.15178313851356506,0.9757703542709351,5.127227783203125],[0.0,0.0,0.0,1.0]],"id":"0:1e:c0:f5:62:67"},{"transform":[[0.9883963465690613,0.003287044819444418,-0.15186147391796112,-4.208664894104004],[-0.025743689388036728,0.9889276623725891,-0.1461484432220459,0.09576416015625],[0.1496996134519577,0.14836207032203674,0.9775370955467224,28.497360229492188],[0.0,0.0,0.0,1.0]],"id":"0:1e:c0:f4:ea:53"},{"transform":[[0.9860043525695801,0.0030033725779503584,-0.16669252514839172,4.231356620788574],[-0.025680262595415115,0.9906414151191711,-0.13405270874500275,30.958444595336914],[0.16472990810871124,0.13645726442337036,0.9768538475036621,-21.848953247070312],[0.0,0.0,0.0,1.0]],"id":"0:1e:c0:f4:d7:f3"},{"transform":[[0.9848125576972961,-0.04125393554568291,-0.16864867508411407,4.067986011505127],[0.017167480662465096,0.989738404750824,-0.14185616374015808,6.997076988220215],[0.1727701872587204,0.136806458234787,0.9754149913787842,-20.603103637695312],[0.0,0.0,0.0,1.0]],"id":"d8:80:39:9b:25:8c"}]