[
  {
    "transform": [
      [
        0.25774669647216797,
        0.04411463811993599,
        0.9652048945426941,
        -2.4415996074676514
      ],
      [
        0.2983707785606384,
        0.9464996457099915,
        -0.12293613702058792,
        12.064319610595703
      ],
      [
        -0.9189894199371338,
        0.3196753263473511,
        0.23079463839530945,
        15.423835754394531
      ],
      [
        0.0,
        0.0,
        0.0,
        1.0
      ]
    ],
    "debug": "23",
    "tvec": [
      -11.709492683410645,
      3.878375291824341,
      -85.25399780273438
    ],
    "rvec": [
      0.3064371645450592,
      1.3045011758804321,
      0.1760314255952835
    ],
    "id": "d8:80:39:63:36:95"
  },
  {
    "transform": [
      [
        0.9760696291923523,
        0.032074205577373505,
        0.21507994830608368,
        4.608888149261475
      ],
      [
        0.041322529315948486,
        0.9436840415000916,
        -0.32825738191604614,
        -10.822184562683105
      ],
      [
        -0.2134961038827896,
        0.3292897045612335,
        0.9197759032249451,
        5.49786376953125
      ],
      [
        0.0,
        0.0,
        0.0,
        1.0
      ]
    ],
    "debug": "79",
    "tvec": [
      -4.6590046882629395,
      -19.008129119873047,
      -95.17996978759766
    ],
    "rvec": [
      0.3378588855266571,
      0.22020967304706573,
      0.004751946777105331
    ],
    "id": "d8:80:39:63:16:9d"
  },
  {
    "transform": [
      [
        0.9926897287368774,
        0.037919577211141586,
        0.11458273977041245,
        -2.1672885417938232
      ],
      [
        0.0036006418522447348,
        0.9396369457244873,
        -0.3421541154384613,
        -1.2421356439590454
      ],
      [
        -0.12064051628112793,
        0.34006544947624207,
        0.9326314330101013,
        -20.92169952392578
      ],
      [
        0.0,
        0.0,
        0.0,
        1.0
      ]
    ],
    "debug": "176",
    "tvec": [
      -11.435181617736816,
      -9.428080558776855,
      -121.59953308105469
    ],
    "rvec": [
      0.3490006625652313,
      0.12033233791589737,
      -0.017556417733430862
    ],
    "id": "0:1e:c0:f5:14:c0"
  }
]