[{"id": "0:1e:c0:f4:ea:53", "euler": [0.1484075768537895, -0.15245131691352928, -0.0033256222655750826], "transform": [[0.9883963216025292, 0.00328704493232262, -0.1518614723298918, -6.072435816954254], [-0.02574368999031078, 0.9889276479253576, -0.1461484505374679, -2.676205316835111], [0.1496996121179757, 0.1483620655842754, 0.9775370702061865, -149.1517056317503], [0.0, 0.0, 0.0, 1.0]]}, {"id": "0:1e:c0:f5:26:a8", "euler": [0.03080737689559214, -0.22855745646229228, -3.1369421899952328], "transform": [[-0.973983717151995, 0.004529508471299253, -0.2265727306535164, 4.44924193292416], [0.00233069181234702, -0.9995471375434448, -0.03000146170408493, 23.71776988957323], [-0.2266060162450643, -0.02974900639877313, 0.9735320796048929, 170.4128801130202], [0.0, 0.0, 0.0, 1.0]]}, {"id": "d8:80:39:9b:25:8c", "euler": [0.14441910121769796, -0.16945854037279257, 0.041865662603802055], "transform": [[0.9848125400293802, -0.04125393473296494, -0.1686486699322844, 2.204215031066896], [0.01716748129494826, 0.9897384035989034, -0.1418561596388459, 4.225107222998981], [0.1727701900990676, 0.1368064520062647, 0.9754150173657311, -198.2521726418193], [0.0, 0.0, 0.0, 1.0]]}, {"id": "d8:80:39:62:cb:16", "euler": [0.1298134473355498, -0.05914196745698804, 0.02681606268883824], "transform": [[0.9978927230790309, -0.02676596994028134, -0.05910749596347764, -7.409801276216895], [0.01893858228822632, 0.991434712303694, -0.1292228359857636, -27.10268206088103], [0.06205999779913507, 0.1278311155096733, 0.989852394340047, -147.602668253078], [0.0, 0.0, 0.0, 1.0]]}, {"id": "d8:80:39:63:34:cd", "euler": [0.0740078742160031, -0.18230463126046006, -0.012511401035056071], "transform": [[0.983351513684725, 0.01230374714249759, -0.1812964929065474, 1.932946473962084], [-0.02588090168114146, 0.9970169022092528, -0.07271503033923842, -19.9430317954128], [0.1798610003923347, 0.07619655185977091, 0.9807365120268287, -198.8679032511475], [0.0, 0.0, 0.0, 1.0]]}, {"id": "0:1e:c0:f4:d7:f3", "euler": [0.13637721554253746, -0.16747430010454536, -0.0030459939070516203], "transform": [[0.9860043525660711, 0.003003372538757484, -0.1666925207505011, 2.367585818129531], [-0.02568026174766052, 0.9906414054837405, -0.1340527131309583, 28.18647660436131], [0.1647299028025405, 0.136457266184666, 0.9768538650320593, -199.4980165036751], [0.0, 0.0, 0.0, 1.0]]}, {"id": "0:1e:c0:f5:62:67", "euler": [0.1550931074693985, -0.15748632756426068, 0.01720656807220212], "transform": [[0.9874784403945177, -0.01699279203348405, -0.1568361398878385, -4.205136971468883], [-0.007224018600961969, 0.9882677396071173, -0.1525604418159964, 0.6785183391996606], [0.1575885253159755, 0.1517831343422115, 0.9757703299537194, -172.5218294254902], [0.0, 0.0, 0.0, 1.0]]}]