[
  {
    "transform": [
      [
        0.7804878950119019,
        -0.010889953933656216,
        -0.6250760555267334,
        -48.50759506225586
      ],
      [
        0.058683305978775024,
        -0.9941574335098267,
        0.09059368073940277,
        9.216434478759766
      ],
      [
        -0.6224105358123779,
        -0.10738880187273026,
        -0.7752888202667236,
        -91.55575561523438
      ],
      [
        0.0,
        0.0,
        0.0,
        1.0
      ]
    ],
    "debug": "14",
    "tvec": [
      -48.50759506225586,
      9.216434478759766,
      -91.55575561523438
    ],
    "rvec": [
      3.0628466606140137,
      0.04123561456799507,
      -1.076318621635437
    ],
    "id": "d8:80:39:63:5:f0"
  },
  {
    "transform": [
      [
        0.6014056205749512,
        -0.006847796030342579,
        -0.7989144921302795,
        10.115662574768066
      ],
      [
        0.08748222142457962,
        -0.9933861494064331,
        0.074369415640831,
        57.271278381347656
      ],
      [
        -0.7941398620605469,
        -0.1146170049905777,
        -0.5968289375305176,
        -109.33411407470703
      ],
      [
        0.0,
        0.0,
        0.0,
        1.0
      ]
    ],
    "debug": "23",
    "tvec": [
      10.115662574768066,
      57.271278381347656,
      -109.33411407470703
    ],
    "rvec": [
      -2.715508460998535,
      -0.06860572844743729,
      1.3554093837738037
    ],
    "id": "d8:80:39:63:36:95"
  },
  {
    "transform": [
      [
        0.7572084665298462,
        -0.01608285866677761,
        -0.6529752612113953,
        -43.245635986328125
      ],
      [
        0.0593763031065464,
        -0.9938628077507019,
        0.09333339333534241,
        35.92288589477539
      ],
      [
        -0.6504688858985901,
        -0.10944408923387527,
        -0.7516064047813416,
        -123.49925231933594
      ],
      [
        0.0,
        0.0,
        0.0,
        1.0
      ]
    ],
    "debug": "33",
    "tvec": [
      -43.245635986328125,
      35.92288589477539,
      -123.49925231933594
    ],
    "rvec": [
      -2.84255051612854,
      -0.035134207457304,
      1.0577924251556396
    ],
    "id": "d8:80:39:63:68:84"
  },
  {
    "transform": [
      [
        0.24454009532928467,
        0.8270301818847656,
        -0.5061830282211304,
        -37.606903076171875
      ],
      [
        0.7553648948669434,
        -0.4897990822792053,
        -0.4353397786617279,
        24.511255264282227
      ],
      [
        -0.6079670786857605,
        -0.2758948504924774,
        -0.744485080242157,
        -91.32555389404297
      ],
      [
        0.0,
        0.0,
        0.0,
        1.0
      ]
    ],
    "debug": "47",
    "tvec": [
      -37.606903076171875,
      24.511255264282227,
      -91.32555389404297
    ],
    "rvec": [
      2.396423578262329,
      1.529793381690979,
      -1.0771137475967407
    ],
    "id": "d8:80:39:62:ae:3"
  },
  {
    "transform": [
      [
        0.9623767733573914,
        -0.008082827553153038,
        -0.2715982496738434,
        -17.261537551879883
      ],
      [
        0.023239323869347572,
        -0.9934464693069458,
        0.11191103607416153,
        33.43572235107422
      ],
      [
        -0.2707228660583496,
        -0.11401233822107315,
        -0.9558819532394409,
        -104.50862884521484
      ],
      [
        0.0,
        0.0,
        0.0,
        1.0
      ]
    ],
    "debug": "79",
    "tvec": [
      -17.261537551879883,
      33.43572235107422,
      -104.50862884521484
    ],
    "rvec": [
      -2.9985976219177246,
      -0.011618521995842457,
      0.4157273471355438
    ],
    "id": "d8:80:39:63:16:9d"
  },
  {
    "transform": [
      [
        0.35740238428115845,
        -0.014951191842556,
        -0.9338307976722717,
        -40.084747314453125
      ],
      [
        0.08811146020889282,
        -0.9948723912239075,
        0.04965115338563919,
        11.473822593688965
      ],
      [
        -0.929784893989563,
        -0.10002663731575012,
        -0.3542523980140686,
        -117.97441101074219
      ],
      [
        0.0,
        0.0,
        0.0,
        1.0
      ]
    ],
    "debug": "119",
    "tvec": [
      -40.084747314453125,
      11.473822593688965,
      -117.97441101074219
    ],
    "rvec": [
      -2.5119354724884033,
      -0.06790024787187576,
      1.7296268939971924
    ],
    "id": "0:1e:c0:f5:34:ae"
  },
  {
    "transform": [
      [
        0.8168706893920898,
        -0.014447623863816261,
        -0.5766398310661316,
        -14.812301635742188
      ],
      [
        0.05516476184129715,
        -0.9931473731994629,
        0.10302981734275818,
        13.437952995300293
      ],
      [
        -0.5741769075393677,
        -0.11597224324941635,
        -0.8104760050773621,
        -142.84449768066406
      ],
      [
        0.0,
        0.0,
        0.0,
        1.0
      ]
    ],
    "debug": "126",
    "tvec": [
      -14.812301635742188,
      13.437952995300293,
      -142.84449768066406
    ],
    "rvec": [
      -2.884065866470337,
      -0.03243505209684372,
      0.9167343974113464
    ],
    "id": "0:1e:c0:f4:b8:b6"
  },
  {
    "transform": [
      [
        0.08579293638467789,
        -0.03240112587809563,
        -0.9957860112190247,
        -11.184298515319824
      ],
      [
        0.11053355038166046,
        -0.99299156665802,
        0.04183332994580269,
        36.38439178466797
      ],
      [
        -0.9901625514030457,
        -0.11365675926208496,
        -0.08161025494337082,
        -128.4062957763672
      ],
      [
        0.0,
        0.0,
        0.0,
        1.0
      ]
    ],
    "debug": "160",
    "tvec": [
      -11.184298515319824,
      36.38439178466797,
      -128.4062957763672
    ],
    "rvec": [
      -2.2341468334198,
      -0.08079972118139267,
      2.0537452697753906
    ],
    "id": "0:1e:c0:f4:bd:e7"
  },
  {
    "transform": [
      [
        -0.1554320752620697,
        -0.015918755903840065,
        -0.9877182841300964,
        16.183664321899414
      ],
      [
        0.10776831209659576,
        -0.9941756129264832,
        -9.36110329348594E-4,
        32.69672393798828
      ],
      [
        -0.9819505214691162,
        -0.10659023374319077,
        0.15624231100082397,
        -103.16158294677734
      ],
      [
        0.0,
        0.0,
        0.0,
        1.0
      ]
    ],
    "debug": "174",
    "tvec": [
      16.183664321899414,
      32.69672393798828,
      -103.16158294677734
    ],
    "rvec": [
      -1.986306071281433,
      -0.10843458771705627,
      2.325326919555664
    ],
    "id": "0:1e:c0:f4:ce:b4"
  },
  {
    "transform": [
      [
        0.982393741607666,
        -0.005642421077936888,
        -0.1867370754480362,
        -41.58055877685547
      ],
      [
        0.01342982891947031,
        -0.994825005531311,
        0.10071165859699249,
        60.22361755371094
      ],
      [
        -0.18633897602558136,
        -0.10144635289907455,
        -0.9772340655326843,
        -128.6363983154297
      ],
      [
        0.0,
        0.0,
        0.0,
        1.0
      ]
    ],
    "debug": "176",
    "tvec": [
      -41.58055877685547,
      60.22361755371094,
      -128.6363983154297
    ],
    "rvec": [
      -3.026444673538208,
      -0.005959903821349144,
      0.28552472591400146
    ],
    "id": "0:1e:c0:f5:14:c0"
  },
  {
    "transform": [
      [
        0.3520389795303345,
        -0.032607026398181915,
        0.9354171752929688,
        -19.810941696166992
      ],
      [
        -0.09110341966152191,
        -0.9958413243293762,
        -4.2705348460003734E-4,
        21.657087326049805
      ],
      [
        0.9315410256385803,
        -0.08506936579942703,
        -0.35354557633399963,
        -106.03495788574219
      ],
      [
        0.0,
        0.0,
        0.0,
        1.0
      ]
    ],
    "debug": "330",
    "tvec": [
      -19.810941696166992,
      21.657087326049805,
      -106.03495788574219
    ],
    "rvec": [
      2.6249594688415527,
      -0.12020869553089142,
      1.8141121864318848
    ],
    "id": "d8:80:39:9b:38:d7"
  },
  {
    "transform": [
      [
        0.81117182970047,
        -0.027718305587768555,
        -0.5841506719589233,
        -18.336231231689453
      ],
      [
        0.043306127190589905,
        -0.9932864904403687,
        0.10726843774318695,
        9.363574981689453
      ],
      [
        -0.5832022428512573,
        -0.11231043934822083,
        -0.80452561378479,
        -104.10892486572266
      ],
      [
        0.0,
        0.0,
        0.0,
        1.0
      ]
    ],
    "debug": "349",
    "tvec": [
      -18.336231231689453,
      9.363574981689453,
      -104.10892486572266
    ],
    "rvec": [
      -2.879054307937622,
      -0.012435131706297398,
      0.9312516450881958
    ],
    "id": "d8:80:39:9b:b:27"
  },
  {
    "transform": [
      [
        -0.8321724534034729,
        0.013155955821275711,
        0.5543608665466309,
        39.240631103515625
      ],
      [
        0.07648549228906631,
        0.9928861856460571,
        0.0912523865699768,
        -57.52199172973633
      ],
      [
        -0.5492166876792908,
        0.11833828687667847,
        -0.8272587656974792,
        -128.57566833496094
      ],
      [
        0.0,
        0.0,
        0.0,
        1.0
      ]
    ],
    "debug": "351",
    "tvec": [
      39.240631103515625,
      -57.52199172973633,
      -128.57566833496094
    ],
    "rvec": [
      0.06260693818330765,
      2.5508334636688232,
      0.14638128876686096
    ],
    "id": "d8:80:39:9a:96:f9"
  },
  {
    "transform": [
      [
        0.2957504391670227,
        -0.8112791180610657,
        -0.5043389797210693,
        18.464555740356445
      ],
      [
        -0.6909632682800293,
        -0.546238899230957,
        0.4734900891780853,
        58.98588562011719
      ],
      [
        -0.6596221923828125,
        0.20844480395317078,
        -0.7221144437789917,
        -149.92825317382812
      ],
      [
        0.0,
        0.0,
        0.0,
        1.0
      ]
    ],
    "debug": "390",
    "tvec": [
      18.464555740356445,
      58.98588562011719,
      -149.92825317382812
    ],
    "rvec": [
      -2.390815019607544,
      1.40071702003479,
      1.085297703742981
    ],
    "id": "d8:80:39:9a:d3:7c"
  },
  {
    "transform": [
      [
        0.9477436542510986,
        -0.03942914307117462,
        -0.3165869414806366,
        -30.514375686645508
      ],
      [
        -0.0059544178657233715,
        -0.9943466782569885,
        0.10601504147052765,
        9.775664329528809
      ],
      [
        -0.3189772367477417,
        -0.09858999401330948,
        -0.942620575428009,
        -103.85934448242188
      ],
      [
        0.0,
        0.0,
        0.0,
        1.0
      ]
    ],
    "debug": "393",
    "tvec": [
      -30.514375686645508,
      9.775664329528809,
      -103.85934448242188
    ],
    "rvec": [
      3.202653169631958,
      -0.03741534799337387,
      -0.5239750742912292
    ],
    "id": "d8:80:39:9b:10:18"
  }
]