[
  {
    "transform": [
      [
        0.8502917289733887,
        0.009133948013186455,
        -0.5262323617935181,
        -44.22876739501953
      ],
      [
        0.10592053085565567,
        -0.9823620319366455,
        0.15409639477729797,
        16.481346130371094
      ],
      [
        -0.5155432224273682,
        -0.18676570057868958,
        -0.8362618088722229,
        -107.0824966430664
      ],
      [
        0.0,
        0.0,
        0.0,
        1.0
      ]
    ],
    "debug": "14",
    "tvec": [
      -44.22876739501953,
      16.481346130371094,
      -107.0824966430664
    ],
    "rvec": [
      -2.8494133949279785,
      -0.08935549855232239,
      0.8090808391571045
    ],
    "id": "d8:80:39:63:5:f0"
  },
  {
    "transform": [
      [
        0.7179380655288696,
        0.004862561356276274,
        -0.6960899829864502,
        16.537731170654297
      ],
      [
        0.1078488752245903,
        -0.9886780977249146,
        0.10432747006416321,
        65.46119689941406
      ],
      [
        -0.6877016425132751,
        -0.14997318387031555,
        -0.710334062576294,
        -112.03995513916016
      ],
      [
        0.0,
        0.0,
        0.0,
        1.0
      ]
    ],
    "debug": "23",
    "tvec": [
      16.537731170654297,
      65.46119689941406,
      -112.03995513916016
    ],
    "rvec": [
      -2.782956838607788,
      -0.09179854393005371,
      1.1270378828048706
    ],
    "id": "d8:80:39:63:36:95"
  },
  {
    "transform": [
      [
        0.856654942035675,
        0.00877243559807539,
        -0.515815258026123,
        -34.00411605834961
      ],
      [
        0.09381703287363052,
        -0.9858322739601135,
        0.13904333114624023,
        45.369056701660156
      ],
      [
        -0.5072876214981079,
        -0.1675044149160385,
        -0.8453410863876343,
        -135.64073181152344
      ],
      [
        0.0,
        0.0,
        0.0,
        1.0
      ]
    ],
    "debug": "33",
    "tvec": [
      -34.00411605834961,
      45.369056701660156,
      -135.64073181152344
    ],
    "rvec": [
      -2.872239351272583,
      -0.07990109175443649,
      0.7968365550041199
    ],
    "id": "d8:80:39:63:68:84"
  },
  {
    "transform": [
      [
        0.3309607207775116,
        0.8619219064712524,
        -0.38412970304489136,
        -32.94352722167969
      ],
      [
        0.7790631651878357,
        -0.4792724549770355,
        -0.4041763246059418,
        31.672548294067383
      ],
      [
        -0.532471239566803,
        -0.16549481451511383,
        -0.8301119804382324,
        -105.01071166992188
      ],
      [
        0.0,
        0.0,
        0.0,
        1.0
      ]
    ],
    "debug": "47",
    "tvec": [
      -32.94352722167969,
      31.672548294067383,
      -105.01071166992188
    ],
    "rvec": [
      2.439548969268799,
      1.516189455986023,
      -0.8468941450119019
    ],
    "id": "d8:80:39:62:ae:3"
  },
  {
    "transform": [
      [
        0.9912925958633423,
        0.008689237758517265,
        -0.1313907355070114,
        -11.056368827819824
      ],
      [
        0.03118964284658432,
        -0.984919548034668,
        0.1701783686876297,
        41.492977142333984
      ],
      [
        -0.12793058156967163,
        -0.17279458045959473,
        -0.9766144752502441,
        -112.83992004394531
      ],
      [
        0.0,
        0.0,
        0.0,
        1.0
      ]
    ],
    "debug": "79",
    "tvec": [
      -11.056368827819824,
      41.492977142333984,
      -112.83992004394531
    ],
    "rvec": [
      -2.962352991104126,
      -0.029886288568377495,
      0.19434227049350739
    ],
    "id": "d8:80:39:63:16:9d"
  },
  {
    "transform": [
      [
        0.4871341586112976,
        -0.004939408507198095,
        -0.8733131885528564,
        -31.468996047973633
      ],
      [
        0.13315191864967346,
        -0.9878729581832886,
        0.07985950261354446,
        20.747356414794922
      ],
      [
        -0.863116979598999,
        -0.15518562495708466,
        -0.4805689752101898,
        -132.3518829345703
      ],
      [
        0.0,
        0.0,
        0.0,
        1.0
      ]
    ],
    "debug": "119",
    "tvec": [
      -31.468996047973633,
      20.747356414794922,
      -132.3518829345703
    ],
    "rvec": [
      2.824702024459839,
      0.12253520637750626,
      -1.6595402956008911
    ],
    "id": "0:1e:c0:f5:34:ae"
  },
  {
    "transform": [
      [
        0.8764774799346924,
        -0.019460033625364304,
        -0.4810493588447571,
        -2.7042977809906006
      ],
      [
        0.06161599978804588,
        -0.986431896686554,
        0.15216949582099915,
        24.489856719970703
      ],
      [
        -0.4774836599826813,
        -0.16301347315311432,
        -0.863386332988739,
        -151.83831787109375
      ],
      [
        0.0,
        0.0,
        0.0,
        1.0
      ]
    ],
    "debug": "126",
    "tvec": [
      -2.7042977809906006,
      24.489856719970703,
      -151.83831787109375
    ],
    "rvec": [
      3.200655698776245,
      0.0362093448638916,
      -0.8233200907707214
    ],
    "id": "0:1e:c0:f4:b8:b6"
  },
  {
    "transform": [
      [
        0.21397309005260468,
        0.0036625934299081564,
        -0.9768326878547668,
        -3.5073108673095703
      ],
      [
        0.18265022337436676,
        -0.9825066924095154,
        0.03632527217268944,
        46.30863571166992
      ],
      [
        -0.9596116542816162,
        -0.18619133532047272,
        -0.21089895069599152,
        -137.2870330810547
      ],
      [
        0.0,
        0.0,
        0.0,
        1.0
      ]
    ],
    "debug": "160",
    "tvec": [
      -14.265426635742188,
      22.536388397216797,
      -132.03150939941406
    ],
    "rvec": [
      -2.470677614212036,
      -0.010817236267030239,
      1.930405855178833
    ],
    "id": "0:1e:c0:f4:bd:e7"
  },
  {
    "transform": [
      [
        -0.01995931938290596,
        0.009419212117791176,
        -0.999756395816803,
        21.217792510986328
      ],
      [
        0.17083710432052612,
        -0.9852175116539001,
        -0.012692857533693314,
        40.08893585205078
      ],
      [
        -0.9850971102714539,
        -0.1710488349199295,
        0.01805512048304081,
        -104.88697052001953
      ],
      [
        0.0,
        0.0,
        0.0,
        1.0
      ]
    ],
    "debug": "174",
    "tvec": [
      21.217792510986328,
      40.08893585205078,
      -104.88697052001953
    ],
    "rvec": [
      -2.11611270904541,
      -0.1958926022052765,
      2.157029151916504
    ],
    "id": "0:1e:c0:f4:ce:b4"
  },
  {
    "transform": [
      [
        0.9992266893386841,
        -0.007640165742486715,
        -0.038569897413253784,
        -30.52447509765625
      ],
      [
        -0.0014351883437484503,
        -0.9873733520507812,
        0.15840378403663635,
        69.66303253173828
      ],
      [
        -0.03929312154650688,
        -0.15822593867778778,
        -0.9866207838058472,
        -137.93251037597656
      ],
      [
        0.0,
        0.0,
        0.0,
        1.0
      ]
    ],
    "debug": "176",
    "tvec": [
      -30.52447509765625,
      69.66303253173828,
      -137.93251037597656
    ],
    "rvec": [
      -2.98199725151062,
      0.0068112704902887344,
      0.05843806266784668
    ],
    "id": "0:1e:c0:f5:14:c0"
  },
  {
    "transform": [
      [
        0.256769597530365,
        -0.02951548807322979,
        0.9660218358039856,
        -13.317163467407227
      ],
      [
        -0.15729565918445587,
        -0.9874829649925232,
        0.01163814403116703,
        29.639375686645508
      ],
      [
        0.9535866379737854,
        -0.15493935346603394,
        -0.25819826126098633,
        -114.58325958251953
      ],
      [
        0.0,
        0.0,
        0.0,
        1.0
      ]
    ],
    "debug": "330",
    "tvec": [
      -13.317163467407227,
      29.639375686645508,
      -114.58325958251953
    ],
    "rvec": [
      -2.404872417449951,
      0.17952679097652435,
      -1.8447569608688354
    ],
    "id": "d8:80:39:9b:38:d7"
  },
  {
    "transform": [
      [
        0.8778175115585327,
        -0.020607396960258484,
        -0.4785517454147339,
        -12.029507637023926
      ],
      [
        0.062289465218782425,
        -0.9856793880462646,
        0.15670420229434967,
        17.719945907592773
      ],
      [
        -0.4749278426170349,
        -0.1673664152622223,
        -0.8639629483222961,
        -114.65890502929688
      ],
      [
        0.0,
        0.0,
        0.0,
        1.0
      ]
    ],
    "debug": "349",
    "tvec": [
      -12.029507637023926,
      17.719945907592773,
      -114.65890502929688
    ],
    "rvec": [
      -2.880615472793579,
      -0.032212287187576294,
      0.7368578314781189
    ],
    "id": "d8:80:39:9b:b:27"
  },
  {
    "transform": [
      [
        -0.7538831233978271,
        0.0014745912048965693,
        0.6570068597793579,
        47.893768310546875
      ],
      [
        0.12658900022506714,
        0.981586217880249,
        0.14305157959461212,
        -48.07400894165039
      ],
      [
        -0.644697904586792,
        0.19101402163505554,
        -0.74018794298172,
        -134.3804473876953
      ],
      [
        0.0,
        0.0,
        0.0,
        1.0
      ]
    ],
    "debug": "351",
    "tvec": [
      47.893768310546875,
      -48.07400894165039,
      -134.3804473876953
    ],
    "rvec": [
      0.08900425583124161,
      2.415583372116089,
      0.23217575252056122
    ],
    "id": "d8:80:39:9a:96:f9"
  },
  {
    "transform": [
      [
        0.3681163489818573,
        -0.8264210820198059,
        -0.4260498583316803,
        29.2705078125
      ],
      [
        -0.6292716860771179,
        -0.5587770938873291,
        0.5401715636253357,
        70.60718536376953
      ],
      [
        -0.6844761371612549,
        0.06925512850284576,
        -0.7257384061813354,
        -152.7813720703125
      ],
      [
        0.0,
        0.0,
        0.0,
        1.0
      ]
    ],
    "debug": "390",
    "tvec": [
      19.107032775878906,
      43.62995910644531,
      -150.63848876953125
    ],
    "rvec": [
      -2.477351427078247,
      1.4227325916290283,
      0.8618483543395996
    ],
    "id": "d8:80:39:9a:d3:7c"
  },
  {
    "transform": [
      [
        0.9851647019386292,
        -0.01936338283121586,
        -0.17051561176776886,
        -24.17229461669922
      ],
      [
        0.009993307292461395,
        -0.9854549169540405,
        0.1696430742740631,
        17.87727165222168
      ],
      [
        -0.17132030427455902,
        -0.16883039474487305,
        -0.9706418514251709,
        -116.30772399902344
      ],
      [
        0.0,
        0.0,
        0.0,
        1.0
      ]
    ],
    "debug": "393",
    "tvec": [
      -24.17229461669922,
      17.87727165222168,
      -116.30772399902344
    ],
    "rvec": [
      -2.9597723484039307,
      0.007036652881652117,
      0.2567088007926941
    ],
    "id": "d8:80:39:9b:10:18"
  }
]