[{"debug": "79", "rvec": [0.7957353591918945, 0.448739618062973, -0.7101616263389587], "transform": [[0.6848047971725464, 0.7214536070823669, 0.10269894450902939, -27.912256240844727], [-0.40248018503189087, 0.49193161725997925, -0.7720187902450562, 21.72235679626465], [-0.6074966192245483, 0.4873478412628174, 0.6272479295730591, -70.45845794677734], [0.0, 0.0, 0.0, 1.0]], "tvec": [-27.912256240844727, 21.72235679626465, -70.45845794677734], "id": "TOP"}, {"debug": "176", "rvec": [0.4096532166004181, 0.08046252280473709, 0.06705697625875473], "transform": [[0.9945958256721497, -0.048839837312698364, 0.0916178897023201, -21.80042266845703], [0.08131339401006699, 0.9151198267936707, -0.3948972821235657, -13.16124439239502], [-0.06455463171005249, 0.40021294355392456, 0.9141456484794617, -91.70824432373047], [0.0, 0.0, 0.0, 1.0]], "tvec": [-21.80042266845703, -13.16124439239502, -91.70824432373047], "id": "COMMON"}, {"debug": "79", "rvec": [0.5730029940605164, 0.2222469002008438, 0.08586812764406204], "transform": [[0.9894576823201169, -0.041477627071695715, 0.13875563905742627, -18.24729879006051], [0.09247314548924117, 0.9183081222271354, -0.38491423983449796, -23.65749284826932], [-0.11145510454631048, 0.3936875099392446, 0.9124625782042087, -64.90879269111159], [0.0, 0.0, 0.0, 1.0]], "tvec": [-12.96464729309082, -12.183664321899414, -66.10247802734375], "id": "FORWARD"}]