{
	"Fixtures":[
		{"FixtureType":"Leafs Chanel Zero",
		"IP":"192.168.1.48",
		"id":0,
		"child":1,
		"Matrix":[1.000004, 0.000000, 0.000000, 0.000000, 0.000000, -0.198622, -0.980081, 0.000000, 0.000000, 0.980081, -0.198622, 0.000000, 3.121038, 0.500873, -0.161827, 1.000000]},
		{"FixtureType":"Leafs Chanel Zero",
		"id":1,
		"child":2,
		"parent":0,
		"Matrix":[1.000004, 0.000000, 0.000000, 0.000000, 0.000000, -0.198622, -0.980081, 0.000000, 0.000000, 0.980081, -0.198622, 0.000000, 4.121043, 0.544600, 0.053942, 1.000000]},
		{"FixtureType":"Leafs Chanel Zero",
		"id":2,
		"child":3,
		"parent":1,
		"Matrix":[1.000004, 0.000000, 0.000000, 0.000000, 0.000000, -0.198622, -0.980081, 0.000000, 0.000000, 0.980081, -0.198622, 0.000000, 5.121047, 0.544600, 0.977129, 1.000000]},
		{"FixtureType":"Leafs Chanel Zero",
		"id":3,
		"parent":2,
		"Matrix":[1.000004, 0.000000, 0.000000, 0.000000, 0.000000, -0.198622, -0.980081, 0.000000, 0.000000, 0.980081, -0.198622, 0.000000, 0.105994, 0.544600, 0.053942, 1.000000]},
		{"FixtureType":"Leafs Chanel Four",
		"id":4,
		"child":5,
		"parent":7,
		"Matrix":[1.000004, 0.000000, 0.000000, 0.000000, 0.000000, 0.848880, -0.528594, 0.000000, 0.000000, 0.528594, 0.848880, 0.000000, 4.775091, 1.260840, -0.550875, 1.000000]},
		{"FixtureType":"Leafs Chanel Four",
		"id":5,
		"child":6,
		"parent":4,
		"Matrix":[1.000004, 0.000000, 0.000000, 0.000000, 0.000000, 0.895702, -0.444665, 0.000000, 0.000000, 0.444665, 0.895702, 0.000000, 5.081069, 1.260840, -1.019884, 1.000000]},
		{"FixtureType":"Leafs Chanel Four",
		"id":6,
		"parent":5,
		"Matrix":[1.000000, 0.000000, 0.000000, 0.000000, 0.000000, 1.000000, 0.000000, 0.000000, 0.000000, 0.000000, 1.000000, 0.000000, 6.153119, 1.260840, 0.000000, 1.000000]},
		{"FixtureType":"Leafs Chanel Four",
		"IP":"192.168.1.48",
		"id":7,
		"child":4,
		"Matrix":[1.000004, 0.000000, 0.000000, 0.000000, 0.000000, 0.987109, -0.160073, 0.000000, 0.000000, 0.160073, 0.987109, 0.000000, 4.324676, 1.481212, -0.864163, 1.000000]},
		{"FixtureType":"Leafs Chanel Zero",
		"IP":"192.168.1.44",
		"id":8,
		"child":9,
		"Matrix":[0.924765, -0.380572, 0.000000, 0.000000, 0.378806, 0.920475, 0.096213, 0.000000, -0.036615, -0.088973, 0.995374, 0.000000, -1.059766, 2.217354, -0.028552, 1.000000]},
		{"FixtureType":"Leafs Chanel Zero",
		"id":9,
		"child":10,
		"parent":8,
		"Matrix":[1.000000, 0.000000, 0.000000, 0.000000, 0.000000, 1.000000, 0.000000, 0.000000, 0.000000, 0.000000, 1.000000, 0.000000, -0.059766, 2.082244, 0.018534, 1.000000]},
		{"FixtureType":"Leafs Chanel Zero",
		"id":10,
		"child":11,
		"parent":9,
		"Matrix":[1.000000, 0.000000, 0.000000, 0.000000, 0.000000, 1.000000, 0.000000, 0.000000, 0.000000, 0.000000, 1.000000, 0.000000, 0.940234, 2.082244, 0.018534, 1.000000]},
		{"FixtureType":"Leafs Chanel Zero",
		"id":11,
		"parent":10,
		"Matrix":[1.000000, 0.000000, 0.000000, 0.000000, 0.000000, 1.000000, 0.000000, 0.000000, 0.000000, 0.000000, 1.000000, 0.000000, 1.940234, 2.082244, 0.018534, 1.000000]},
		{"FixtureType":"Leafs Chanel Four",
		"id":12,
		"child":13,
		"Matrix":[1.000000, 0.000000, 0.000000, 0.000000, 0.000000, 1.000000, 0.000000, 0.000000, 0.000000, 0.000000, 1.000000, 0.000000, -0.059766, 2.864454, 0.018534, 1.000000]},
		{"FixtureType":"Leafs Chanel Four",
		"id":13,
		"child":14,
		"parent":12,
		"Matrix":[1.000000, 0.000000, 0.000000, 0.000000, 0.000000, 1.000000, 0.000000, 0.000000, 0.000000, 0.000000, 1.000000, 0.000000, 0.942526, 2.864454, 0.018534, 1.000000]},
		{"FixtureType":"Leafs Chanel Four",
		"id":14,
		"parent":13,
		"Matrix":[1.000000, 0.000000, 0.000000, 0.000000, 0.000000, 1.000000, 0.000000, 0.000000, 0.000000, 0.000000, 1.000000, 0.000000, 1.942526, 2.864454, 0.018534, 1.000000]},
		{"FixtureType":"Leafs Chanel Four",
		"IP":"192.168.1.44",
		"id":15,
		"Matrix":[1.000000, 0.000000, 0.000000, 0.000000, 0.000000, 1.000000, 0.000000, 0.000000, 0.000000, 0.000000, 1.000000, 0.000000, -1.059766, 3.084826, 0.018534, 1.000000]},
		{"FixtureType":"Leafs Chanel Zero",
		"IP":"192.168.1.88",
		"id":16,
		"child":17,
		"Matrix":[1.000000, 0.000000, 0.000000, 0.000000, 0.000000, 1.000000, 0.000000, 0.000000, 0.000000, 0.000000, 1.000000, 0.000000, -1.059766, 3.976348, 0.018534, 1.000000]},
		{"FixtureType":"Leafs Chanel Zero",
		"id":17,
		"child":18,
		"parent":16,
		"Matrix":[1.000000, 0.000000, 0.000000, 0.000000, 0.000000, 1.000000, 0.000000, 0.000000, 0.000000, 0.000000, 1.000000, 0.000000, -0.059766, 3.756194, 0.018534, 1.000000]},
		{"FixtureType":"Leafs Chanel Zero",
		"id":18,
		"child":19,
		"parent":17,
		"Matrix":[1.000000, 0.000000, 0.000000, 0.000000, 0.000000, 1.000000, 0.000000, 0.000000, 0.000000, 0.000000, 1.000000, 0.000000, 0.940234, 3.756194, 0.018534, 1.000000]},
		{"FixtureType":"Leafs Chanel Zero",
		"id":19,
		"parent":18,
		"Matrix":[1.000000, 0.000000, 0.000000, 0.000000, 0.000000, 1.000000, 0.000000, 0.000000, 0.000000, 0.000000, 1.000000, 0.000000, 1.940234, 3.756194, 0.018534, 1.000000]},
		{"FixtureType":"Leafs Chanel Four",
		"id":20,
		"child":21,
		"parent":23,
		"Matrix":[1.000000, 0.000000, 0.000000, 0.000000, 0.000000, 1.000000, 0.000000, 0.000000, 0.000000, 0.000000, 1.000000, 0.000000, -0.059766, 4.538404, 0.018534, 1.000000]},
		{"FixtureType":"Leafs Chanel Four",
		"id":21,
		"child":22,
		"parent":20,
		"Matrix":[1.000000, 0.000000, 0.000000, 0.000000, 0.000000, 1.000000, 0.000000, 0.000000, 0.000000, 0.000000, 1.000000, 0.000000, 0.942526, 4.538404, 0.018534, 1.000000]},
		{"FixtureType":"Leafs Chanel Four",
		"id":22,
		"parent":21,
		"Matrix":[1.000000, 0.000000, 0.000000, 0.000000, 0.000000, 1.000000, 0.000000, 0.000000, 0.000000, 0.000000, 1.000000, 0.000000, 1.942526, 4.538404, 0.018534, 1.000000]},
		{"FixtureType":"Leafs Chanel Four",
		"IP":"192.168.1.88",
		"id":23,
		"child":20,
		"Matrix":[1.000000, 0.000000, 0.000000, 0.000000, 0.000000, 1.000000, 0.000000, 0.000000, 0.000000, 0.000000, 1.000000, 0.000000, -1.073588, 4.758779, 0.018534, 1.000000]},
		{"FixtureType":"Leafs Chanel Zero",
		"id":24,
		"child":25,
		"Matrix":[0.772833, 0.000000, -0.634631, 0.000000, -0.628311, 0.140772, -0.765137, 0.000000, 0.089337, 0.990055, 0.108792, 0.000000, -3.288624, 0.154678, 0.703921, 1.000000]},
		{"FixtureType":"Leafs Chanel Zero",
		"id":25,
		"parent":24,
		"Matrix":[-0.704127, 0.004601, 0.710083, 0.000000, -0.704116, 0.125001, -0.699021, 0.000000, -0.091976, -0.992163, -0.084775, 0.000000, -4.086607, 0.206306, 1.501903, 1.000000]},
		{"FixtureType":"Leafs Chanel Four",
		"IP":"192.168.1.108",
		"id":26,
		"child":28,
		"Matrix":[0.707113, 0.000000, -0.707113, 0.000000, -0.706457, 0.043057, -0.706457, 0.000000, 0.030446, 0.999081, 0.030446, 0.000000, -4.281331, -0.045543, 1.229108, 1.000000]},
		{"FixtureType":"Leafs Chanel Zero",
		"id":27,
		"Matrix":[1.000000, 0.000000, 0.000000, 0.000000, 0.000000, 1.000000, 0.000000, 0.000000, 0.000000, 0.000000, 1.000000, 0.000000, 0.109667, 3.976348, 0.018534, 1.000000]},
		{"FixtureType":"Leafs Chanel Four",
		"id":28,
		"child":29,
		"parent":26,
		"Matrix":[0.210616, 0.000000, -0.977582, 0.000000, -0.974005, 0.085468, -0.209845, 0.000000, 0.083550, 0.996354, 0.018001, 0.000000, -4.753280, 0.027834, 1.147273, 1.000000]},
		{"FixtureType":"Leafs Chanel Four",
		"id":29,
		"child":30,
		"parent":28,
		"Matrix":[0.970433, 0.000000, -0.241425, 0.000000, -0.241425, 0.001903, -0.970431, 0.000000, 0.000460, 1.000011, 0.001847, 0.000000, -4.152946, 0.129152, 0.598981, 1.000000]},
		{"FixtureType":"Leafs Chanel Four",
		"IP":"192.168.0.170",
		"id":30,
		"parent":29,
		"Matrix":[0.019862, 0.000000, -0.999816, 0.000000, -0.725531, 0.688057, -0.014413, 0.000000, 0.687921, 0.725674, 0.013666, 0.000000, -5.029868, 0.129152, 0.701862, 1.000000]},
		{"FixtureType":"Leafs Chanel Zero",
		"id":31,
		"Matrix":[1.000009, 0.000000, 0.000000, 0.000000, 0.000000, 0.305928, 0.952064, 0.000000, 0.000000, -0.952064, 0.305928, 0.000000, 0.000000, 1.649153, -0.483580, 1.000000]},
		{"FixtureType":"Merge1",
		"IP":"192.168.0.171",
		"id":32,
		"Matrix":[1.000000, 0.000000, 0.000000, 0.000000, 0.000000, 1.000000, 0.000000, 0.000000, 0.000000, 0.000000, 1.000000, 0.000000, 0.000000, 3.683506, 0.000000, 1.000000]}
	]
}
